-0.1
-0.1
-0.1
-0.1
-0.36100000000000004
-0.36100000000000004
-0.36100000000000004
-0.36100000000000004
-0.43390000000000006
-0.5076100000000001
-0.5076100000000001
-0.899219146584785
-0.899219146584785
-0.899219146584785
-0.899219146584785
-0.899219146584785
-0.899219146584785
-1.012586653934115
-1.012586653934115
-1.012586653934115
-1.0585704116207035
-1.0585704116207035
-1.0585704116207035
-1.391680625817046
-1.391680625817046
-1.391680625817046
-1.391680625817046
-1.391680625817046
-1.391680625817046
-1.391680625817046
-1.4336021322338932
-1.4336021322338932
-1.4756063206911947
-1.4756063206911947
-1.5180456886220752
-1.5180456886220752
-1.5180456886220752
-1.590617007783881
-1.590617007783881
-1.6215553070054929
-1.6493997763049435
-1.6493997763049435
-1.780138689867348
-1.780138689867348
-1.780138689867348
-1.792124820880613
-1.792124820880613
-1.792124820880613
-1.792124820880613
-1.792124820880613
-1.8029123387925519
-1.8029123387925519
-1.8029123387925519
-1.8126211049132968
-1.8126211049132968
-1.8126211049132968
-1.8126211049132968
-1.821358994421967
-1.842670706933614
-1.842670706933614
-1.842670706933614
-1.8695328631635066
-1.872579576847156
-1.872579576847156
-1.872579576847156
-1.872579576847156
-1.872579576847156
-1.8777894572461964
-1.8838085143324772
-1.8838085143324772
-1.8838085143324772
-1.8838085143324772
-1.8838085143324772
-1.8838085143324772
-1.8838085143324772
-1.8868848966093066
-1.8868848966093066
-1.8868848966093066
-1.8881964069483759
-1.8904390896281844
-1.8904390896281844
-1.891395180665366
-1.891395180665366
-1.891395180665366
-1.891395180665366
-1.891395180665366
-1.891395180665366
-1.894918940231092
-1.8954270462079827
-1.8954270462079827
-1.8954270462079827
-1.8954270462079827
-1.8954270462079827
-1.8954270462079827
-1.8958843415871844
-1.8958843415871844
-1.896295907428466
-1.8966663166856195
-1.8972997165153516
-1.8972997165153516
-1.8975697448638165
-1.8975697448638165
-1.8975697448638165
-1.898564958644635
-1.898564958644635
-1.898564958644635
-1.898564958644635
-1.898837616502154
-1.898837616502154
-1.898837616502154
-1.8990584693667447
-1.8991526224300703
-1.8991526224300703
-1.8991526224300703
-1.8991526224300703
-1.8991526224300703
-1.8991526224300703
-1.8996352317416558
-1.8996352317416558
-1.8996352317416558
-1.8996352317416558
-1.8996352317416558
-1.8996352317416558
-1.8996352317416558
-1.8996352317416558
-1.8996717085674901
-1.8996717085674901
-1.8996717085674901
-1.8996717085674901
-1.8996717085674901
-1.899704537710741
-1.899734083939667
-1.899734083939667
-1.899734083939667
-1.8997606755457004
-1.8998061471920171
-1.899842979225534
-1.899842979225534
-1.8998586813029805
-1.8998586813029805
-1.8998586813029805
-1.8998728131726825
-1.8998728131726825
-1.8998728131726825
-1.8998855318554142
-1.8998855318554142
-1.8999072808028854
-1.8999072808028854
-1.899924897450337
-1.899924897450337
-1.899924897450337
-1.8999391669347732
-1.8999391669347732
-1.8999391669347732
-1.8999391669347732
-1.8999391669347732
-1.8999640786833143
-1.8999640786833143
-1.8999640786833143
-1.8999640786833143
-1.8999640786833143
-1.8999640786833143
-1.8999640786833143
-1.8999640786833143
-1.8999787888217103
-1.8999787888217103
-1.8999787888217103
-1.8999787888217103
-1.8999809099395393
-1.8999809099395393
-1.8999809099395393
-1.8999809099395393
-1.8999809099395393
-1.8999809099395393
-1.8999898547591787
-1.8999898547591787
-1.8999908692832608
-1.8999908692832608
-1.8999917823549346
-1.8999917823549346
-1.8999917823549346
-1.899992604119441
-1.899992604119441
-1.899993343707497
-1.899993343707497
-1.899993343707497
-1.8999940093367473
-1.8999946084030725
-1.8999951475627652
-1.8999956328064886
-1.899997911184882
-1.899997911184882
-1.8999983080597544
-1.8999983080597544
-1.8999983080597544
-1.8999983080597544
-1.8999983080597544
-1.899998477253779
-1.899998477253779
-1.899998629528401
-1.899998629528401
-1.899998629528401
-1.899998629528401
-1.8999988899180047
-1.8999988899180047
-1.8999988899180047
-1.899999469051223
-1.899999469051223
-1.899999469051223
-1.899999469051223
-1.899999469051223
-1.8999995221461006
-1.8999995221461006
-1.8999995221461006
-1.8999995221461006
-1.8999995221461006
-1.8999995221461006
-1.899999717832051
-1.899999717832051
-1.899999717832051
-1.899999717832051
-1.8999997460488458
-1.8999997460488458
-1.8999998148696084
-1.8999998148696084
-1.8999998333826476
-1.8999998500443829
-1.8999998500443829
-1.8999998500443829
-1.8999998650399446
-1.89999987853595
-1.89999987853595
-1.899999890682355
-1.8999999016141196
-1.8999999016141196
-1.8999999016141196
-1.8999999016141196
-1.8999999016141196
-1.8999999477137093
-1.8999999477137093
-1.8999999529423384
-1.8999999529423384
-1.8999999576481046
-1.8999999576481046
-1.8999999618832941
-1.8999999656949647
-1.8999999656949647
-1.8999999656949647
-1.899999969125468
-1.8999999722129213
-1.8999999722129213
-1.8999999892347164
-1.8999999892347164
-1.8999999892347164
-1.8999999892347164
-1.8999999903112448
-1.8999999903112448
-1.8999999903112448
-1.8999999903112448
-1.8999999903112448
-1.8999999929368974
-1.8999999929368974
-1.8999999929368974
-1.8999999929368974
-1.8999999958293086
-1.8999999958293086
-1.8999999966217398
-1.8999999966217398
-1.8999999966217398
-1.8999999975372484
-1.8999999975372484
-1.8999999977835236
-1.899999998204654
-1.899999998204654
-1.899999998204654
-1.899999998204654
-1.899999998204654
-1.8999999988220735
-1.8999999988220735
-1.8999999988220735
-1.8999999988220735
-1.8999999993044463
-1.8999999993044463
-1.8999999993044463
-1.8999999993044463
-1.8999999995436472
-1.8999999995892825
-1.8999999995892825
-1.8999999996303543
-1.899999999667319
-1.899999999667319
-1.899999999667319
-1.899999999667319
-1.8999999997305284
-1.8999999997305284
-1.8999999997305284
-1.8999999997574755
-1.8999999998408796
-1.8999999998567916
-1.8999999998840011
-1.8999999998840011
-1.899999999895601
-1.899999999895601
-1.899999999895601
-1.899999999895601
-1.899999999895601
-1.8999999999060408
-1.8999999999154367
-1.8999999999154367
-1.8999999999154367
-1.8999999999154367
-1.8999999999154367
-1.8870656399578931
-1.807736582423209
-1.807736582423209
-1.807736582423209
-1.807736582423209
-1.807736582423209
-1.807736582423209
-1.807736582423209
-1.807736582423209
-1.807736582423209
-1.7137083825512431
-1.7137083825512431
-1.5637757496258442
-1.5637757496258442
-1.5637757496258442
-1.5637757496258442
-1.5637757496258442
-1.5637757496258442
-1.5637757496258442
-1.5973981746632597
-1.5973981746632597
-1.5973981746632597
-1.5973981746632597
-1.5092952264491966
-1.5092952264491966
-1.5092952264491966
-1.5092952264491966
-1.5092952264491966
-1.4264118507895005
-1.4264118507895005
-1.4264118507895005
-1.4264118507895005
-1.4264118507895005
-1.4264118507895005
-1.4264118507895005
-1.4264118507895005
-1.4264118507895005
-1.4264118507895005
-1.4264118507895005
-1.4264118507895005
-1.4264118507895005
-1.4264118507895005
-1.4264118507895005
-1.4264118507895005
-1.3561402598588121
-1.285082680887579
-1.1655341474183363
-1.1164229682115343
-1.1479535482128191
-1.1022171545852255
-1.0610544003203912
-1.0145879860701268
-1.0261085463779915
-1.067688737700416
-1.261205655375671
-1.24755980142942
-1.24755980142942
-1.24755980142942
-1.24755980142942
-1.24755980142942
-1.24755980142942
-1.24755980142942
-1.24755980142942
-1.24755980142942
-1.24755980142942
-1.24755980142942
-1.24755980142942
-1.24755980142942
-1.24755980142942
-1.24755980142942
-1.24755980142942
-1.24755980142942
-1.24755980142942
-1.24755980142942
-1.24755980142942
-1.24755980142942
-1.24755980142942
-1.24755980142942
-1.24755980142942
-1.24755980142942
-1.24755980142942
-1.24755980142942
-1.24755980142942
-1.1086722427596443
-1.1086722427596443
-1.1086722427596443
-1.1086722427596443
-1.1086722427596443
-1.1086722427596443
-1.1086722427596443
-1.1086722427596443
-1.1086722427596443
-1.1086722427596443
-1.1086722427596443
-1.1086722427596443
-1.1086722427596443
-1.1086722427596443
-1.1086722427596443
-1.1086722427596443
-1.1086722427596443
-1.1086722427596443
-1.1086722427596443
-1.1086722427596443
-1.1086722427596443
-1.0976129630443396
-1.0976129630443396
-1.0976129630443396
-1.0976129630443396
-1.0976129630443396
-1.0976129630443396
-1.0976129630443396
-0.7809951123345562
-0.7809951123345562
-0.7809951123345562
-0.7809951123345562
-0.7809951123345562
-0.7809951123345562
-0.7809951123345562
-0.7809951123345562
-0.7809951123345562
-0.7809951123345562
-0.7809951123345562
-0.7809951123345562
-0.15931547361395215
-0.15931547361395215
-0.15931547361395215
-0.15931547361395215
-0.15931547361395215
-0.15931547361395215
-0.15931547361395215
-0.15931547361395215
-0.15931547361395215
-0.15931547361395215
-0.15931547361395215
-0.15931547361395215
-0.15931547361395215
-0.15931547361395215
-0.15931547361395215
-0.15931547361395215
-0.15931547361395215
-0.15931547361395215
-0.15931547361395215
-0.15931547361395215
-0.15931547361395215
-0.15931547361395215
-0.15931547361395215
0.5241839581949678
0.5241839581949678
1.1393334468229956
1.8104431466376134
1.8104431466376134
1.8104431466376134
1.8104431466376134
1.8104431466376134
1.8104431466376134
1.8104431466376134
1.8104431466376134
1.8104431466376134
2.4464134626528464
2.4464134626528464
2.4464134626528464
2.4464134626528464
2.4464134626528464
2.4464134626528464
2.4464134626528464
2.4464134626528464
2.4464134626528464
2.4464134626528464
2.4464134626528464
2.4464134626528464
2.4464134626528464
2.4464134626528464
2.4464134626528464
2.4464134626528464
3.0675816085738985
3.0675816085738985
3.0675816085738985
3.0675816085738985
3.0675816085738985
3.0675816085738985
3.0675816085738985
3.0675816085738985
3.0675816085738985
3.0675816085738985
3.0675816085738985
3.0675816085738985
3.0675816085738985
3.0675816085738985
3.0675816085738985
3.0675816085738985
3.0675816085738985
3.0675816085738985
3.0675816085738985
3.0675816085738985
3.0675816085738985
3.0675816085738985
3.0675816085738985
3.0675816085738985
3.0675816085738985
3.0675816085738985
3.0675816085738985
3.0675816085738985
3.0675816085738985
3.0675816085738985
3.0675816085738985
3.0675816085738985
3.0675816085738985
3.0675816085738985
3.0675816085738985
3.0675816085738985
3.0675816085738985
3.0675816085738985
3.0675816085738985
3.0675816085738985
3.0675816085738985
3.0675816085738985
3.0675816085738985
3.0675816085738985
3.0675816085738985
3.0675816085738985
3.0675816085738985
3.4137485308586424
3.4137485308586424
3.4137485308586424
3.4137485308586424
3.9416348098226948
3.9416348098226948
3.9416348098226948
3.9416348098226948
3.9416348098226948
3.9416348098226948
5.017489874848008
5.017489874848008
5.017489874848008
5.996998496281254
5.996998496281254
5.996998496281254
5.996998496281254
5.996998496281254
5.996998496281254
5.996998496281254
5.996998496281254
5.996998496281254
6.938911919838243
6.938911919838243
6.938911919838243
6.938911919838243
6.938911919838243
6.938911919838243
6.938911919838243
6.938911919838243
6.938911919838243
6.938911919838243
6.938911919838243
6.938911919838243
6.938911919838243
6.938911919838243
6.938911919838243
6.938911919838243
6.938911919838243
6.938911919838243
6.938911919838243
6.938911919838243
6.938911919838243
6.938911919838243
7.806648884299834
8.557666103658041
8.557666103658041
8.557666103658041
8.557666103658041
9.234488076402293
9.234488076402293
9.234488076402293
9.234488076402293
9.234488076402293
9.234488076402293
9.234488076402293
9.234488076402293
9.234488076402293
9.234488076402293
9.234488076402293
9.234488076402293
9.234488076402293
9.234488076402293
9.234488076402293
9.234488076402293
9.30252686679974
9.30252686679974
9.30252686679974
9.30252686679974
9.30252686679974
9.30252686679974
9.30252686679974
9.30252686679974
9.30252686679974
9.30252686679974
9.30252686679974
9.30252686679974
9.30252686679974
9.30252686679974
9.30252686679974
9.30252686679974
9.30252686679974
10.268438572873173
10.268438572873173
9.924086018147225
9.924086018147225
9.924086018147225
9.924086018147225
11.228817714320833
11.228817714320833
11.228817714320833
11.228817714320833
11.228817714320833
11.228817714320833
11.228817714320833
11.228817714320833
11.228817714320833
11.228817714320833
11.228817714320833
11.228817714320833
11.228817714320833
11.228817714320833
11.112177754594056
11.112177754594056
11.112177754594056
11.112177754594056
11.112177754594056
11.112177754594056
11.112177754594056
11.112177754594056
11.112177754594056
12.060161818547844
12.025564037336636
12.682077782701068
12.87663314381224
13.0489717628761
12.51802559841913
12.716634160205391
12.895381865813025
13.30200045891748
12.638425612977992
12.011847382372125
12.011847382372125
11.976363881304867
11.89733748055719
11.73029332190249
11.650762133013385
11.434254511683251
10.842827994853486
10.383622555178423
10.36027342276418
10.36027342276418
10.36027342276418
9.813445029008365
9.813445029008365
9.868397243640185
9.5550273402688
9.5550273402688
9.5550273402688
9.621884302396188
9.295431334530756
9.295431334530756
9.018567067928352
9.018567067928352
9.00562769289244
8.607476896661023
8.607476896661023
8.65360234537398
8.493226655678326
8.493226655678326
8.493226655678326
7.604278014109131
7.604278014109131
7.604278014109131
7.303161541981764
7.134882722843804
7.134882722843804
7.134882722843804
7.134882722843804
7.134882722843804
7.134882722843804
7.134882722843804
7.62813393171188
7.62813393171188
7.735318011280871
7.735318011280871
7.902798208741033
7.902798208741033
7.960291524114661
7.565816347570109
7.665787109184755
7.783802357933559
7.825721653038096
7.542395046581304
7.542395046581304
7.523082499118189
7.5720152253909
7.625989029953384
7.68430631546436
7.745332127336407
7.464731726036962
7.55586307960408
7.55586307960408
6.59144276757473
6.59144276757473
6.710492025304727
6.710492025304727
6.220679290930446
6.220679290930446
6.220679290930446
6.0179340314526115
6.0179340314526115
6.191171903367363
5.557802726747087
5.134249579760717
5.134249579760717
5.134249579760717
5.134249579760717
5.27858667127194
5.625046605244231
5.116872223574678
5.3126254591413735
5.441193112111437
5.812082805356516
5.908809854353015
6.095239287469024
6.001181005278392
6.001181005278392
5.67741293192649
5.439042594796908
5.708981094180304
5.708981094180304
5.8225814027835385
5.772173667789252
5.5231317367042365
5.313247491984437
5.313247491984437
5.481961595695053
5.481961595695053
5.467952613379549
5.467952613379549
5.586925564682715
5.586925564682715
5.586925564682715
5.715595807216931
5.6428277759838945
5.6428277759838945
5.760611100184313
5.873499384347866
5.580129645938074
5.7296117386068595
5.871046885696604
5.992509468320615
6.176556525367147
5.254173414741741
5.367146006827132
5.454978188760311
5.528333079691951
5.408150888858877
5.291450384285872
5.020315844173453
4.447452676117256
4.557147428370658
4.717350172139615
4.25531301421957
4.25531301421957
4.473503704489602
4.573225016255113
4.097646765519074
4.403079095414031
3.7859270996278185
3.7859270996278185
3.8801751979861416
4.105720071449572
4.316557726290417
4.281767885437043
4.142007059190378
4.286411813820609
4.286419151984446
4.305381907553992
3.9948758006903375
4.187491698536304
4.41425373158834
4.740726907777317
3.961670099342129
3.427244295208008
3.427244295208008
3.427244295208008
3.6153847031310975
3.6153847031310975
3.5111519224332888
3.5111519224332888
3.5111519224332888
3.5111519224332888
3.7032458911839603
3.904499156687382
4.072625183877566
3.7633255428251147
3.955605565261747
3.955605565261747
4.129045329209963
4.047978983837894
4.191001716125141
4.451792566078724
4.546281415969958
4.851591947576633
4.914886900571671
4.917216881680666
4.917216881680666
4.999238550685196
4.695022973819078
4.83978094737325
3.7767678764762596
3.7767678764762596
3.682294050260991
3.682294050260991
3.682294050260991
4.004567122541789
4.353716802536642
4.172750065562003
4.1057265981897855
4.336265041657324
4.564024932681268
5.029168065689403
5.393854076984868
5.580621106702244
5.797168446087229
6.015234740369211
6.208226870495917
6.409875711329227
5.943810993320079
5.943810993320079
6.228500835128914
6.1020871127764424
6.735685932764148
6.465766803161299
5.691145975965933
5.648298837687524
5.900217880208888
6.03634051641561
6.137709456212824
6.404165093268384
6.0447917227284975
6.346760413665342
6.641372091480052
7.089172121697337
7.271870212791272
7.091943074143065
7.287919693604171
7.647416672819228
7.204289026827631
7.25314848898893
7.318547213318438
6.7125620201474
6.7125620201474
6.843385175557314
7.170413670594652
7.517587239384138
8.11125404201416
8.395993129305793
8.68193690710606
8.968182803330324
9.255789132573414
9.255789132573414
9.523190713952864
9.796785761293837
9.680672041937129
9.382597358624537
9.720823066975388
10.045843012438436
9.147547958045628
9.525293967761073
9.884280648321583
9.884280648321583
10.228149010977988
10.537630537368752
10.273448937468098
10.286760412460568
10.286760412460568
10.93925528336768
10.590252385069329
10.85599977998795
11.103836161473458
11.170897715771234
11.370892920280271
11.370892920280271
11.370892920280271
10.357790387264718
10.132155842118307
9.120260811880447
9.274506561538479
9.510862988145519
9.510862988145519
9.855750526965602
10.150621040874167
10.150621040874167
10.150008926328928
9.941729862970535
9.906502891779567
9.907499225518015
9.875126888233922
9.826408008825561
9.792238959416705
9.768443142136697
9.741211721675905
9.706565864642505
9.706565864642505
9.630440086673342
8.181958514048292
8.214233400978957
8.278467464837043
7.9703232855660335
8.020900547127866
8.143199468363706
7.79306103852568
7.492081632378923
7.584701436304326
7.489843748055691
7.489843748055691
7.489843748055691
7.489843748055691
7.489843748055691
7.578485692952537
7.741737741373267
7.786339996782311
7.786339996782311
7.725510716501855
7.509698350383565
7.366129870497086
7.390118675111634
7.393311139900241
7.388017432567331
7.388017432567331
7.388017432567331
7.40642617721578
7.451370075771308
7.404974386464412
7.210441975169588
7.219624390396145
7.257456827520022
6.768334255582312
6.824573953630518
6.824573953630518
6.824573953630518
6.88015259858838
6.791302396972865
6.932288180109174
6.932288180109174
7.180341865336158
6.996774775906831
6.709205716176577
7.008837593877598
7.213812259744338
7.100589379882282
7.289220799901856
7.503048384078491
7.8106393887103
8.107543134858537
8.402231551897719
8.67994495863274
8.984465900927379
8.868285113400997
9.583302470980776
9.909332141788038
10.049837987572271
10.410521192629789
10.410521192629789
10.82710628610981
10.673496637043764
10.59631200407135
9.434360586397599
8.489117534796861
8.489117534796861
8.932522874410104
10.224788878295191
9.678544100914511
9.62550355821446
10.791460265896415
11.1425621257053
11.535640013667422
11.937356650713204
12.171529222688733
11.584742925100903
11.925128682015869
12.12237304038488
11.96464863621931
11.668270183092044
