-0.2
-0.2
-0.2
-0.2
-0.2
-0.488
-0.488
-0.488
-0.87720752
-0.87720752
-0.87720752
-0.87720752
-0.87720752
-1.22537931264
-1.22537931264
-1.22537931264
-1.3193276303360002
-1.3193276303360002
-1.3193276303360002
-1.4079538418688002
-1.4079538418688002
-1.6330233827680258
-1.6330233827680258
-1.6797305674624208
-1.7872220505407592
-1.7872220505407592
-1.8097776404326074
-1.8097776404326074
-1.8097776404326074
-1.8097776404326074
-1.8097776404326074
-1.8278221123460858
-1.8278221123460858
-1.8422576898768686
-1.8422576898768686
-1.8422576898768686
-1.8538061519014948
-1.8630449215211957
-1.8848631998550818
-1.8878905598840654
-1.8903124479072524
-1.8937999666606415
-1.8937999666606415
-1.8937999666606415
-1.8950399733285133
-1.8968255829302485
-1.897968373075359
-1.897968373075359
-1.897968373075359
-1.897968373075359
-1.8983746984602872
-1.8994674211914668
-1.8994674211914668
-1.8994674211914668
-1.8994674211914668
-1.8995739369531734
-1.8995739369531734
-1.8995739369531734
-1.8995739369531734
-1.8995739369531734
-1.8998254845760199
-1.8998254845760199
-1.8998254845760199
-1.8998254845760199
-1.8998254845760199
-1.8998254845760199
-1.8998883101286526
-1.8999285184823376
-1.8999285184823376
-1.899954251828696
-1.899954251828696
-1.899954251828696
-1.899954251828696
-1.8999634014629567
-1.8999707211703654
-1.8999707211703654
-1.8999707211703654
-1.899985009239227
-1.899985009239227
-1.899985009239227
-1.899985009239227
-1.899985009239227
-1.8999880073913815
-1.8999938597843873
-1.8999938597843873
-1.8999938597843873
-1.8999938597843873
-1.8999938597843873
-1.8999938597843873
-1.8999979879741478
-1.8999979879741478
-1.8999979879741478
-1.8999979879741478
-1.8999979879741478
-1.8999979879741478
-1.8999987123034545
-1.8999987123034545
-1.8999989698427635
-1.8999989698427635
-1.8999989698427635
-1.8999994725594949
-1.8999995780475958
-1.8999998617346359
-1.8999998617346359
-1.8999998617346359
-1.8999998617346359
-1.8999998893877086
-1.8999998893877086
-1.8999998893877086
-1.8999998893877086
-1.899999911510167
-1.899999911510167
-1.899999911510167
-1.899999911510167
-1.8999999292081335
-1.899999943366507
-1.899999943366507
-1.8999999637545644
-1.8999999637545644
-1.8999999710036515
-1.8999999710036515
-1.899999981442337
-1.899999981442337
-1.899999981442337
-1.899999981442337
-1.899999981442337
-1.899999981442337
-1.8999999881230956
-1.8999999881230956
-1.8999999881230956
-1.8999999939190249
-1.8999999939190249
-1.8999999939190249
-1.8999999939190249
-1.8999999951352198
-1.8999999987247271
-1.8999999987247271
-1.8999999991838254
-1.8999999991838254
-1.8999999991838254
-1.8999999998904549
-1.8999999998904549
-1.8999999998904549
-1.8999999998904549
-1.8999999998904549
-1.8999999998904549
-1.8999999998904549
-1.899999999929891
-1.899999999929891
-1.8999999999439128
-1.8999999999551302
-1.8999999999641042
-1.8999999999712833
-1.8999999999712833
-1.8999999999770267
-1.8999999999770267
-1.899999999985297
-1.89999999999059
-1.89999999999059
-1.8999999999924722
-1.8999999999924722
-1.8999999999924722
-1.8999999999939776
-1.8999999999939776
-1.8999999999961457
-1.8999999999961457
-1.8999999999989896
-1.8999999999989896
-1.8999999999989896
-1.8999999999991917
-1.8999999999993533
-1.8999999999994825
-1.8999999999994825
-1.8999999999994825
-1.8999999999998305
-1.8999999999998305
-1.8999999999998916
-1.8999999999999133
-1.8999999999999133
-1.8999999999999444
-1.8999999999999444
-1.8999999999999444
-1.8999999999999555
-1.8999999999999924
-1.8999999999999924
-1.8999999999999924
-1.899999999999994
-1.899999999999995
-1.8999999999999968
-1.8999999999999968
-1.8999999999999986
-1.8999999999999986
-1.8999999999999986
-1.8999999999999986
-1.8999999999999995
-1.8999999999999995
-1.8999999999999995
-1.8999999999999995
-1.8999999999999995
-1.8999999999999995
-1.8999999999999995
-1.8999999999999995
-1.8999999999999995
-1.8999999999999995
-1.8999999999999995
-1.8999999999999995
-1.8999999999999995
-1.8999999999999995
-1.8999999999999995
-1.8999999999999995
-1.8999999999999995
-1.8999999999999995
-1.8999999999999995
-1.8999999999999995
-1.8999999999999995
-1.8999999999999995
-1.8999999999999995
-1.8999999999999995
-1.8999999999999995
-1.8999999999999995
-1.8999999999999995
-1.8999999999999995
-1.8999999999999995
-1.8999999999999995
-1.8999999999999995
-1.8999999999999995
-1.8999999999999995
-1.8999999999999995
-1.8999999999999995
-1.8999999999999995
-1.8999999999999995
-1.8999999999999995
-1.8999999999999995
-1.8999999999999995
-1.8999999999999995
-1.8999999999999995
-1.8999999999999995
-1.8999999999999995
-1.8999999999999995
-1.8999999999999995
-1.8999999999999995
-1.8999999999999995
-1.8999999999999995
-1.8999999999999995
-1.8999999999999995
-1.8999999999999995
-1.8999999999999995
-1.8999999999999995
-1.8999999999999995
-1.8999999999999995
-1.8999999999999995
-1.8999999999999995
-1.8999999999999995
-1.8999999999999995
-1.8999999999999995
-1.8999999999999995
-1.8999999999999995
-1.8999999999999995
-1.8999999999999995
-1.8534382203960924
-1.8033735716147847
-1.6562785169387981
-1.3556870313608156
-1.3556870313608156
-1.1570727990053804
-1.414589542617775
-1.0996334193127857
-0.6649827267671122
0.1352148056670725
0.6497794586019454
1.4114149651400187
1.6457858075867076
1.6457858075867076
1.7876791746781184
1.7905924385461667
2.033547385121139
2.330608647099518
2.6552575467483637
3.515185336980079
3.515185336980079
4.010751130397224
3.455029331487547
3.8279624501290916
4.214520521372194
4.65476749202781
5.0069650685523035
4.35657281424878
4.875248653189455
5.290189324341996
5.71069648814629
6.132080720141719
6.241191529917429
5.994731435721103
5.96848448415157
5.973180360481001
4.963480055712229
4.963480055712229
5.054432726961314
5.101130779223192
4.4498101013675075
4.4498101013675075
4.562238509613536
4.639074370157855
4.639074370157855
4.639074370157855
4.619959494641223
4.5218130642597245
4.177870601932899
4.177870601932899
3.833620477496333
3.8652874000116175
3.9192923483839905
4.05931873444617
4.171339843295914
4.171339843295914
3.448487813440536
4.523993109372908
4.514263215471191
5.334290223732755
5.0276044192581
5.627084920418893
6.666502919337776
6.925330335059827
5.485245598222957
5.485245598222957
6.788199734603717
5.944888394098435
7.267693507746607
8.34330620418364
6.875424707767695
7.913613461885751
8.69891116603838
8.360262927000726
7.912147332774703
8.600479836850166
8.054787616674819
8.054787616674819
6.763793664551965
6.402038921597892
6.261700536854414
5.2220195142078865
4.146423640014903
4.146423640014903
4.146423640014903
3.8616970076144854
3.8616970076144854
4.043236272224634
4.043236272224634
3.5295299322420144
3.9871877102990885
4.188474619369554
3.6296155093945357
3.608253698045449
3.594652303212117
2.4170029857263
2.4170029857263
2.234049465702362
1.8510989843202097
2.053339560609229
1.864124218469552
2.2240545945156165
2.196647775271565
1.489674519656187
1.489674519656187
1.5573226370755966
0.44809604027580735
0.44809604027580735
0.44809604027580735
0.44809604027580735
0.44809604027580735
0.44809604027580735
0.4948041058022289
0.5850737022002198
0.1528548524315586
-0.1433835228258481
-0.1433835228258481
-0.1433835228258481
-0.1433835228258481
-0.43365772234215394
-0.43365772234215394
-0.41557722389801866
-0.699558217681743
-0.38937639921287615
-0.2727703852060925
-0.14324943156474443
-0.11998413560712337
-0.24427353366511528
-0.24427353366511528
-0.776443127340388
-0.8422697768044334
-0.9242533362924865
-0.6877354655115553
-0.9301883724092442
-0.8284994413020943
-0.7322063280945876
-1.0788586744479556
-1.0788586744479556
-1.0557458690321448
-0.8605345406682001
-0.8605345406682001
-0.8605345406682001
-1.1580154986129418
-1.1580154986129418
-0.9894590506733207
-1.1668479612051457
-0.8982782432559409
-0.8982782432559409
-0.38287381216713656
-0.24331350744514788
-0.3868619339704872
-0.6856497939946896
-0.354383406146685
-0.354383406146685
-0.354383406146685
-0.5667422998348801
-1.0467150718943232
-0.15578935594913323
-0.2838303392845707
0.3552947495299168
0.6492629241698766
0.25865025282113563
0.3174635714784104
2.4758285074743034
3.106329493693645
3.8621969549007624
3.8621969549007624
3.9335354505257905
3.9335354505257905
5.75916595976315
6.714701726839654
7.112067339558466
7.977017145351415
7.341771737410484
6.482823301612122
7.041008718273564
7.959807518005042
8.571973392287125
9.57451979498745
8.141393582458651
7.285039326751266
8.420285763212602
9.179528103237333
9.212496506554384
9.155217885282504
9.155217885282504
9.97456792847629
10.188634238600082
10.579594954049755
9.632968601046297
10.093467115535205
10.556711364231917
10.046880978638782
10.046880978638782
10.294450383061312
9.550529502509287
9.701639916600076
10.240712205436497
9.178434290856615
9.275693771358563
10.028866743766201
9.381121299518105
9.330178900480792
8.465768941478956
7.535497507837459
7.585476760142809
7.585476760142809
7.585476760142809
7.031132145075495
6.852093538712049
6.765490811031668
6.765490811031668
6.594080292058442
6.462811109538564
6.4180624043340115
6.4180624043340115
6.231640096186533
6.321480238154948
6.443412576825275
7.248333147924116
6.780367874312346
7.160509234340288
6.102579696873558
5.665151065624226
5.847426427195976
5.530477898652056
5.530477898652056
5.817203187562553
5.617344425386462
5.651627127432175
5.651627127432175
5.338594584883532
5.031822693185862
4.370478299657805
4.526611372435254
4.083921182604792
4.169499814858983
4.237962720662336
4.237962720662336
4.255180425187093
4.443921374403735
3.979164364163232
3.3981809335661195
3.422583888975452
4.133124337258913
3.2516294342517646
4.013830024476703
4.628622333166599
4.020848182912649
3.8844597898799407
3.8334856378658753
4.356012204435734
4.968876167562785
5.073848262424201
5.698775474598934
6.080441077023075
6.510603615926366
6.126252122153926
5.601744856352504
6.170015288071614
6.675659141547804
7.045386852458053
7.045386852458053
7.2376999867934275
6.96287239329633
6.96287239329633
5.932934298970725
5.773756183866754
5.773756183866754
5.773756183866754
5.773756183866754
5.773756183866754
5.639565061953421
5.639565061953421
4.942425965829658
4.942425965829658
4.1347352403825415
5.1620234076717715
6.011119569456595
6.011119569456595
6.582271569717043
7.043193173068381
7.430261498238063
7.70119560807093
7.738355791186763
7.630641942229523
5.711897852787627
5.929205525704484
5.063141387501588
5.174859662486224
4.912479662816713
5.09368639858104
4.8985831641093975
5.2605025061847375
5.39916456628672
4.837274400509536
4.837274400509536
4.837274400509536
4.914784068072672
3.9686292328662853
4.102943668300689
4.102943668300689
4.102943668300689
4.258456622205476
4.484594135782916
4.653645719037064
4.5844870528559545
3.268598274322094
3.268598274322094
3.268598274322094
3.1788539280368924
2.9152768494761547
2.9152768494761547
3.1408935568121046
3.4430332111817186
3.0231906830754824
2.595712312145144
2.595712312145144
2.595712312145144
2.745892658345272
2.745892658345272
2.3642027459726984
2.7419190762204186
2.958335395778242
3.1897414155669526
3.235816374386605
3.21594387101381
3.21594387101381
3.21594387101381
3.4871204909086364
3.586712309361231
3.586712309361231
3.586712309361231
4.015607355683704
4.158455873466622
4.4797294527512355
4.4797294527512355
5.108673893508273
5.01673214548741
5.884627902328634
6.298877479808826
6.820503237147149
7.465774468077625
7.428147123480527
6.800521003616795
6.460037638818591
7.109072825589946
7.478210746106195
8.179350992940538
8.179350992940538
7.584226390823597
8.11720960901113
8.11720960901113
8.66859987655412
7.866852590634203
8.62742782608912
9.795307932540144
10.154643640966933
10.381825634387868
10.623751294734634
9.908578480476718
10.094338159307721
10.094338159307721
8.889079720745661
8.98795222590511
9.097805681543743
9.446603660144183
8.67544505597762
8.43265017347559
7.527190966904276
7.503531650467026
7.097405191021936
6.51457634554578
6.51457634554578
6.51457634554578
6.492636371682536
6.406159381076879
6.406159381076879
6.312471117831442
6.312471117831442
6.219994347777485
6.131992004168233
5.489289019341368
5.489289019341368
4.758157052985188
4.758157052985188
4.758157052985188
4.758157052985188
4.758157052985188
4.758157052985188
4.937148602727938
4.724785640392653
5.004229116920426
4.705471642206289
4.705471642206289
5.074592445501164
5.09977767504047
5.058983410014851
4.757803741814554
4.757803741814554
4.263118645199647
4.263118645199647
4.263118645199647
3.4643682142285543
3.4643682142285543
3.4643682142285543
3.4643682142285543
3.4643682142285543
3.4643682142285543
3.4643682142285543
3.4643682142285543
3.4643682142285543
3.4643682142285543
3.4643682142285543
3.4643682142285543
3.4643682142285543
3.4643682142285543
3.4643682142285543
3.4643682142285543
3.4643682142285543
3.4643682142285543
3.4643682142285543
3.4643682142285543
3.4643682142285543
3.4643682142285543
3.4643682142285543
3.237491866203185
3.237491866203185
3.237491866203185
3.969060511445909
3.717792122427864
4.082400659909954
4.082400659909954
4.355068270799767
3.291718056912061
3.6552646262087496
3.336778524564412
3.689748131415488
3.833507615564205
3.8846220988170823
2.7762984010931975
2.7762984010931975
2.7762984010931975
2.5207724330713335
2.5207724330713335
2.258175515217167
2.258175515217167
2.258175515217167
2.625291938602907
2.8787746919986223
3.0776908637639506
3.232924994772708
3.0772185322930863
3.0772185322930863
3.214218164058443
3.2448014698706764
3.2379816186866077
2.024727441564024
2.024727441564024
2.024727441564024
2.3443353415699604
2.637465538986903
2.5901529102876713
2.4924760551785017
2.9426565996697738
2.9426565996697738
3.1680326994377235
3.332962544718132
3.8984601019507035
4.221921665587184
4.179182205393161
3.2221977240307766
3.7697658414236375
4.234222376330291
4.655187910971804
4.840068272971793
5.020271299782158
4.440154948573475
3.9972413119397925
3.054245444141418
2.75460431454865
2.5404399820517924
2.262519142143281
2.3348887071878863
2.1095049764801312
2.156525789901402
1.6388028964596466
1.6388028964596466
1.6388028964596466
1.6388028964596466
1.6388028964596466
1.6388028964596466
1.6388028964596466
1.6388028964596466
1.6388028964596466
0.8629349442603508
0.7065222527839488
0.7065222527839488
0.7065222527839488
0.7801600814041979
0.6043937263203699
0.6043937263203699
0.6043937263203699
0.6043937263203699
0.917044031998249
0.9874187851254773
1.0437185876272599
0.891825475700197
0.7507365292143768
0.7507365292143768
0.35347576654164636
0.46899452368008204
0.4746226194113856
0.4746226194113856
0.5021336090879398
-0.06972374071571436
-0.06972374071571436
-0.06972374071571436
0.18351292204605668
0.9033065890754741
0.48290529529607207
0.8568985637121405
0.976397011516981
1.4946640775123496
1.6092913637068684
1.0210185288596252
1.3392638922736022
1.68997162989494
1.0973364479493293
1.7666707469541731
2.3955536682262
2.9733923908983435
3.4954492775596755
4.247211194351993
4.247211194351993
4.489036873965507
4.515094040324404
3.614237151278572
3.614237151278572
3.829710305580509
3.372193860125668
3.5777903165579854
3.708954055265115
3.15332548339539
2.619801722402073
2.774211730317132
2.478574550972306
2.473565799116956
2.1290570851011665
2.1290570851011665
2.072237532082368
1.468765775411704
1.468765775411704
1.468765775411704
1.468765775411704
1.468765775411704
1.4021021353453649
1.9417372252941516
2.373445297253181
2.373445297253181
2.1259763913081176
2.1259763913081176
2.5272991417230752
2.8839741226329223
3.2369556879054495
2.4909908297157384
3.34686337997029
3.474804818289568
3.560477807781614
3.737210125356305
3.8492767966497032
3.906574567254356
3.985550814312388
4.038715457003281
4.038715457003281
3.4168763781956595
3.1912555062100747
3.055616576114983
3.055616576114983
3.154669455151042
3.086834178399929
3.1637812588623504
3.092564524987897
3.295851693239759
3.4808023144947895
3.4808023144947895
3.1023444664169397
3.5697876502841757
3.5697876502841757
1.9798604294897237
2.2826714769023293
3.0450305676101745
4.270520209146449
4.270520209146449
4.270520209146449
6.074174308895055
6.074174308895055
8.879990757754152
9.808174265759064
10.639888650571972
11.04318244836865
11.565973842737472
12.19007952199883
12.675641298526905
13.112058648659378
13.137536457629182
12.005020667736426
11.006953368013047
11.123564979978697
11.122871695691659
11.145850813603204
11.145850813603204
11.145850813603204
10.976060021376066
10.88759194201986
10.791559202102558
10.791559202102558
10.616243868206023
10.474321635533267
10.474321635533267
10.308262231878867
10.188569328530857
9.995997997028876
9.800819842385021
9.702684662544195
8.888097638868448
8.762540737308925
9.105522756415072
9.455366604971754
9.455366604971754
7.478871373110575
8.070626530331364
8.660649744150016
9.248860516814005
8.401100319803842
8.401100319803842
10.56721236459096
9.898265886775853
10.461881542285148
9.150339131985415
9.150339131985415
9.520584872763902
9.503361633226652
10.514464855492252
11.18226643901911
10.943492467341141
11.74359728884905
11.647556536800396
11.20429332401425
10.775849764263778
12.226084601136197
11.313530773775723
12.808193670585347
14.311153637113874
14.93568337065183
15.515858724401784
16.025407927725276
16.62019747182685
17.096029107108105
17.731847130064782
17.731847130064782
18.359598750481652
16.948189397212182
17.858218577758034
18.849268191336417
19.888857442638525
20.813769093325433
21.358315134782373
21.358315134782373
17.348178182222657
18.516709108263527
18.516709108263527
19.38057115179387
19.231893066086414
18.589104656627686
18.589104656627686
18.589104656627686
18.90864867812681
19.047525721023238
19.101591313683105
17.743813787806108
17.743813787806108
16.961233410268502
17.62545415572685
18.156830752093526
18.5705393287951
18.928805155588453
19.247780225623067
19.402555569393524
16.950109945936312
17.88430278963952
18.652694033298406
19.267407028225513
19.883436678999292
20.378606430162026
17.684090894853473
18.47575954583032
19.06645300802296
19.624060019690578
19.624060019690578
18.127820249389533
17.619810166173338
17.619810166173338
18.947480322058126
19.388501743783067
17.577040013179555
15.968612758437732
16.866356847266502
16.866356847266502
17.496064354767313
17.545268000358462
15.933256480618363
13.932295962727308
14.695240531903082
15.305596187243701
14.482406695755225
14.930125912202806
15.458633920023601
15.458633920023601
14.112563686813754
14.112563686813754
14.789761470098947
14.847070001766
14.89291682709964
14.767282888084905
13.703598212480266
13.703598212480266
13.703598212480266
12.909993935820275
13.067987035264697
13.449305344316784
13.895542432546435
12.205408389942017
11.482844905648694
11.482844905648694
11.482844905648694
11.482844905648694
12.319976592545498
12.319976592545498
12.319976592545498
13.022397252767583
