-0.657
-0.7599
-0.8319300000000001
-0.8319300000000001
-0.8319300000000001
-0.8319300000000001
-0.8319300000000001
-0.8319300000000001
-0.8319300000000001
-1.0553457000000002
-1.0553457000000002
-1.1648193930000001
-1.573348151799
-1.73994059438151
-1.73994059438151
-1.73994059438151
-1.787958416067057
-1.787958416067057
-1.787958416067057
-1.787958416067057
-1.787958416067057
-1.787958416067057
-1.8450996238728579
-1.8450996238728579
-1.8868184196918731
-1.8868184196918731
-1.8868184196918731
-1.8935410256490177
-1.8954787179543124
-1.8954787179543124
-1.8954787179543124
-1.8954787179543124
-1.8954787179543124
-1.8977845717976132
-1.8977845717976132
-1.8977845717976132
-1.8977845717976132
-1.8984492002583293
-1.8984492002583293
-1.8992401081265813
-1.8997393570874173
-1.8997393570874173
-1.8997393570874173
-1.8997393570874173
-1.8997393570874173
-1.8999105994809842
-1.8999105994809842
-1.8999105994809842
-1.8999105994809842
-1.899937419636689
-1.8999948462379859
-1.8999948462379859
-1.8999948462379859
-1.8999963923665901
-1.8999963923665901
-1.8999987625817405
-1.8999987625817405
-1.8999987625817405
-1.8999987625817405
-1.8999987625817405
-1.8999987625817405
-1.899999575565537
-1.899999575565537
-1.899999575565537
-1.899999575565537
-1.899999575565537
-1.899999702895876
-1.899999702895876
-1.899999702895876
-1.8999999286652998
-1.8999999286652998
-1.8999999286652998
-1.8999999286652998
-1.899999975532198
-1.899999975532198
-1.899999988010777
-1.899999988010777
-1.899999988010777
-1.899999988010777
-1.899999988010777
-1.8999999916075438
-1.8999999916075438
-1.8999999971213875
-1.8999999971213875
-1.8999999971213875
-1.899999997984971
-1.899999997984971
-1.899999999308845
-1.8999999995161914
-1.899999999661334
-1.8999999997629338
-1.8999999997629338
-1.8999999999430803
-1.8999999999601562
-1.8999999999721093
-1.8999999999721093
-1.8999999999721093
-1.8999999999721093
-1.8999999999721093
-1.8999999999953123
-1.8999999999953123
-1.8999999999953123
-1.8999999999967185
-1.8999999999977029
-1.8999999999983919
-1.8999999999983919
-1.8999999999983919
-1.8999999999983919
-1.8999999999988744
-1.899999999999212
-1.8999999999998107
-1.8999999999998676
-1.8999999999998676
-1.8999999999998676
-1.8999999999999682
-1.8999999999999682
-1.8999999999999682
-1.8999999999999777
-1.8999999999999844
-1.899999999999989
-1.899999999999989
-1.8999999999999924
-1.8999999999999946
-1.8999999999999961
-1.8999999999999961
-1.8999999999999961
-1.8999999999999981
-1.8999999999999981
-1.8999999999999986
-1.8999999999999986
-1.8999999999999986
-1.8999999999999997
-1.8999999999999997
-1.8999999999999997
-1.8999999999999997
-1.8999999999999997
-1.8999999999999997
-1.8999999999999997
-1.8999999999999997
-1.8999999999999997
-1.8999999999999997
-1.8999999999999997
-1.8999999999999997
-1.8999999999999997
-1.8999999999999997
-1.8999999999999997
-1.8999999999999997
-1.8999999999999997
-1.8999999999999997
-1.8999999999999997
-1.8999999999999997
-1.8999999999999997
-1.8999999999999997
-1.8999999999999997
-1.8999999999999997
-1.8694407499413126
-1.8694407499413126
-1.8275673065346516
-1.8826089102989698
-1.887826237209279
-1.887826237209279
-1.8958243993627826
-1.8970770795539478
-1.8970770795539478
-1.8812275131924716
-1.8812275131924716
-1.7647395535570078
-1.8053176874899055
-1.8053176874899055
-1.1981785128779685
-0.9592277113176193
-0.7919621502253749
-0.7919621502253749
-0.5130347082130928
-0.20746074658617852
-0.10875793764103489
0.08575122492879336
0.22541797440004063
-0.7922162004404842
-0.5834578626793365
-0.11397517789555267
0.6712986327385462
1.0818668767028843
1.0818668767028843
0.7192496042372434
1.0067305713588095
1.6974229212380432
2.5129233416881656
3.0465264246713373
3.0465264246713373
3.0465264246713373
3.324308263244652
2.8038188263506587
3.1851868662180354
3.452144494125199
3.82350814070184
2.1778540885739917
2.4833880994798516
1.9346624102283934
2.4462593997174857
2.4462593997174857
3.457738942475521
4.409542451767825
5.072842658770643
4.123890016534138
3.874085349267977
3.6812957839270832
3.6812957839270832
4.109011827503722
4.109011827503722
4.977903164661248
4.985882001265347
4.900888236910549
6.089305335148823
7.337657883665386
8.04595437828886
6.817356897992887
7.149058051584072
7.3812488590979015
7.378940720880201
6.45012802119926
5.104112286702799
6.106564491047967
5.933797147187616
5.938278939408418
6.149094117563587
6.073919016068334
5.29545153830749
5.29545153830749
5.098067970257083
5.883140281580877
3.9717217081828777
3.9717217081828777
3.9717217081828777
3.9717217081828777
3.9717217081828777
3.9717217081828777
3.9717217081828777
3.9717217081828777
3.9717217081828777
4.031384136360966
3.1965439494497945
3.506981522404756
3.528183233473527
3.7134805915872624
2.9752313514894975
3.2082322654401176
3.391431859406015
3.0626500869389157
4.257097310219328
3.6845825586247196
5.0386042638933315
5.0386042638933315
5.118114833975014
4.394181592401505
4.43981544662191
4.43981544662191
4.384814396083061
2.478739245378858
2.478739245378858
2.478739245378858
2.8034662194876847
2.720788190193415
4.014255706805648
5.073619865952986
5.758197905969296
5.167510309978708
4.53696592868007
6.072680023442459
4.562912619713117
4.970497293522956
4.1494207810297965
4.7547517541892805
5.17848343540092
5.238719689887921
2.9627956484112055
1.281421514696179
0.9296561522445419
0.9296561522445419
1.7574914931373211
0.9570895194827032
2.1058764234491543
2.1058764234491543
1.8649292452059107
2.166360354321353
2.3731116924559843
1.0615357796828957
1.4145993080468457
1.4574406960157036
1.434804647471998
0.6770201677120007
0.6770201677120007
0.7077291739179422
0.7572356535322052
0.2985323054540795
-0.07050444544592979
-0.5514542146248628
-0.39723031234153405
-0.39723031234153405
-0.39723031234153405
-0.39723031234153405
-0.39723031234153405
-0.39723031234153405
-0.2768753247189462
-0.7482089855389233
-0.7482089855389233
-0.7482089855389233
-0.7482089855389233
-0.7482089855389233
-0.7482089855389233
-0.7482089855389233
-0.7482089855389233
-0.7482089855389233
-0.7482089855389233
-0.7482089855389233
-0.7482089855389233
-1.0937462898772463
-0.9087967100966005
-0.9087967100966005
-0.9087967100966005
-0.9087967100966005
-0.9087967100966005
-1.2479639750705336
-1.2479639750705336
-1.2479639750705336
-1.4435747825493734
-1.5805023477845614
-1.5805023477845614
-1.6933749018371191
-1.5833706062458512
-1.4582168111231928
-1.4582168111231928
-1.4657943212206077
-1.6883094292653855
-1.7202741872444016
-1.7202741872444016
-1.7741919310710812
-1.8186040544803461
-1.8430228381362423
-1.8430228381362423
-1.8522238112636342
-1.866556667884544
-1.866556667884544
-1.866556667884544
-1.8836127672634266
-1.8885289370843985
-1.891970255959079
-1.891970255959079
-1.891970255959079
-1.8833722320393351
-1.803148254058052
-1.803148254058052
-1.803148254058052
-1.803148254058052
-1.803148254058052
-1.740738817223155
-1.7127532114861914
-1.582794929812993
-1.4145662822816278
-1.4145662822816278
-1.4438233280576043
-1.4438233280576043
-1.4438233280576043
-1.4438233280576043
-1.4438233280576043
-1.4438233280576043
-1.3687165927708032
-1.3687165927708032
-1.3687165927708032
-1.3687165927708032
-1.3687165927708032
-1.3687165927708032
-1.3687165927708032
-1.3687165927708032
-1.528101614939562
-1.528101614939562
-1.528101614939562
-1.528101614939562
-1.528101614939562
-1.528101614939562
-1.528101614939562
-1.528101614939562
-1.528101614939562
-0.9601079973983907
-0.9601079973983907
-0.9601079973983907
-0.9601079973983907
-0.9601079973983907
-0.4278659336972779
-0.6720945409711212
-1.0404661786797849
-1.0404661786797849
-1.0404661786797849
-1.0404661786797849
-1.0404661786797849
-1.0404661786797849
-0.8053877169719943
-0.8053877169719943
-0.8053877169719943
-0.5979144862468806
-0.5979144862468806
-1.057316915772121
-1.057316915772121
-1.057316915772121
-1.057316915772121
-1.057316915772121
-1.057316915772121
-1.057316915772121
-1.4786692821199459
-1.4786692821199459
-1.4786692821199459
-1.4786692821199459
-1.4786692821199459
-1.6208554571592542
-1.6606429568199441
-1.6606429568199441
-1.6606429568199441
-1.6606429568199441
-1.6606429568199441
-1.6606429568199441
-1.7827150488417727
-1.7827150488417727
-1.7827150488417727
-1.7827150488417727
-1.7827150488417727
-1.7827150488417727
-1.7827150488417727
-1.7827150488417727
-1.7827150488417727
-1.859771261752728
-1.859771261752728
-1.859771261752728
-1.859771261752728
-1.859771261752728
-1.8952671291739467
-1.8952671291739467
-1.8952671291739467
-1.8952671291739467
-1.8976808932952338
-1.8976808932952338
-1.8976808932952338
-1.8976808932952338
-1.8983766253066636
-1.8983766253066636
-1.8983766253066636
-1.8988636377146646
-1.8988636377146646
-1.89961022773613
-1.89961022773613
-1.89961022773613
-1.89961022773613
-1.899727159415291
-1.899727159415291
-1.899727159415291
-1.899727159415291
-1.8998090115907036
-1.8998090115907036
-1.8999064156794447
-1.8999064156794447
-1.8999344909756113
-1.8999344909756113
-1.8999344909756113
-1.8999679005780494
-1.8999775304046347
-1.899988989898271
-1.899988989898271
-1.899988989898271
-1.899988989898271
-1.899988989898271
-1.899988989898271
-1.8999922929287896
-1.8999922929287896
-1.8999946050501526
-1.8999946050501526
-1.8999962235351069
-1.8999962235351069
-1.8999973564745747
-1.8999987046725415
-1.8999987046725415
-1.899999093270779
-1.8999993652895453
-1.8999993652895453
-1.899999782294314
-1.899999782294314
-1.8999999743871436
-1.8999999743871436
-1.8999999743871436
-1.8999999743871436
-1.8999999820710005
-1.8999999820710005
-1.899999997890671
-1.8999999992765
-1.89999999949355
-1.89999999949355
-1.89999999949355
-1.89999999949355
-1.8999999996454848
-1.8999999997518393
-1.8999999997518393
-1.8999999997518393
-1.899999999979563
-1.899999999979563
-1.899999999979563
-1.899999999985694
-1.899999999985694
-1.8999999999899857
-1.89999999999299
-1.899999999995093
-1.899999999996565
-1.899999999996565
-1.899999999996565
-1.8999999999995958
-1.8999999999998018
-1.8999999999998018
-1.8999999999998018
-1.8999999999998018
-1.899999999999932
-1.899999999999932
-1.899999999999932
-1.8999999999999524
-1.8999999999999766
-1.8999999999999766
-1.8999999999999835
-1.899999999999992
-1.899999999999992
-1.899999999999999
-1.8999999999999992
-1.8999999999999992
-1.8999999999999992
-1.8999999999999997
-1.8999999999999997
-1.8999999999999997
-1.8999999999999997
-1.691820442041648
-1.691820442041648
-1.540016928944438
-1.1985560925900398
-1.2193682527082872
-0.7771890869149434
-0.8941435038668982
-0.7184404225478229
-0.8115862746721719
-0.23554317014445458
0.07410868776933738
-0.7797045020875926
-1.0913377944580904
-1.2958983800012265
-1.2958983800012265
-1.798468640726806
-1.8829356244469542
-1.8829356244469542
-1.8880549371128679
-1.894146919185305
-1.8971319904007995
-1.899016272707474
-1.899016272707474
-1.899016272707474
-1.8993113908952317
-1.8998842654677615
-1.8998842654677615
-1.899918985827433
-1.899943290079203
-1.8999722121388094
-1.8999805484971666
-1.8999863839480167
-1.899993328134528
-1.899993328134528
-1.8999994505431894
-1.8999998680754198
-1.8999999076527938
-1.8999999076527938
-1.8999999076527938
-1.899999954749869
-1.8999999683249083
-1.8999999778274357
-1.899999996273457
-1.89999999739142
-1.89999999739142
-1.899999998173994
-1.899999998173994
-1.8999999987217957
-1.899999999105257
-1.8999999993736798
-1.8999999993736798
-1.8999999998496204
-1.8999999998947343
-1.899999999926314
-1.8029841499533434
-1.8168413426328178
-1.8860235244562977
-1.89765097375537
-1.8007789586442364
-1.816677135408925
-1.8416739947862475
-1.6906333877721371
-1.4919347729209766
-1.3556134042381258
-1.4023837920943385
-1.2596934572414686
-1.3405770270642636
-1.3571568245915338
-1.3571568245915338
-1.1034094773742034
-0.7197513896865797
-0.22293288644363546
0.1894899271056582
0.1894899271056582
1.665557435984259
1.342384778839988
3.216563926064777
5.0192568987659625
5.834747284940455
10.634800687398348
11.999808200933382
9.932894539693844
11.290250965172248
12.42457532218662
12.42457532218662
12.42457532218662
11.783357999197454
12.946694948419474
14.044557828892325
14.444079909510098
13.710757512224795
14.795457689061564
14.795457689061564
15.215250647180431
14.825469228714308
14.825469228714308
14.533960131026454
14.13982725815675
13.86291457748688
13.464023959515007
12.177249419981354
11.59257894017142
9.092592751308883
9.092592751308883
9.150707930745446
9.150707930745446
8.503864575799843
7.7366043997891785
7.489425176093187
7.057965144383692
5.945675646395063
5.945675646395063
5.945675646395063
5.945675646395063
5.945675646395063
5.945675646395063
5.599325006376213
5.300984589452425
4.4915841747708365
4.269860218308048
3.997444717748526
3.1912891983603613
3.1912891983603613
3.2168310808186007
3.2347103985393684
3.1937340426784697
3.1937340426784697
3.130584487640083
1.8914975459461107
1.8914975459461107
1.8914975459461107
2.135788454119843
2.26880163430885
2.3388289246621428
2.3315857166424747
0.8448912880868888
0.8448912880868888
1.109237096131249
0.7245401402686504
0.7245401402686504
0.7706209485479985
0.7706209485479985
1.054899345597851
1.054899345597851
0.9654245973106438
0.9654245973106438
-0.1131690471264004
-0.08369346037988408
-0.08369346037988408
-0.08369346037988408
-0.17848140767042942
-0.17848140767042942
-0.4767094978013888
-0.4767094978013888
-0.5627413917605528
-0.5627413917605528
-0.876149646752409
-0.876149646752409
-0.876149646752409
-0.876149646752409
-0.876149646752409
-0.17049690662138972
0.5108769407241763
-0.24970956224082586
0.8153901837359362
0.3877774534219346
0.3877774534219346
0.3877774534219346
0.3877774534219346
0.3877774534219346
-0.29855578260464566
-0.29855578260464566
-0.29855578260464566
-0.29855578260464566
-0.29855578260464566
-0.29855578260464566
-0.29855578260464566
-0.29855578260464566
-0.29855578260464566
-0.29855578260464566
-0.29855578260464566
-0.29855578260464566
-0.29855578260464566
-0.29855578260464566
-0.29855578260464566
-0.29855578260464566
-0.29855578260464566
-0.29855578260464566
-0.29855578260464566
0.296565520562434
0.296565520562434
0.296565520562434
0.296565520562434
0.296565520562434
0.296565520562434
0.296565520562434
0.296565520562434
0.296565520562434
0.296565520562434
0.296565520562434
0.296565520562434
0.296565520562434
0.296565520562434
0.296565520562434
0.296565520562434
0.296565520562434
0.296565520562434
0.296565520562434
0.296565520562434
0.296565520562434
0.296565520562434
0.296565520562434
0.296565520562434
0.296565520562434
0.296565520562434
0.296565520562434
2.123207196864237
2.123207196864237
3.814581561516932
3.400144114671424
4.606720082326729
5.8808617868930275
6.228550907383811
5.487818645158571
5.319017961474618
5.319017961474618
4.368719680557451
5.321772172155324
6.311917316646872
6.1268702820578795
7.692338189896471
8.20421506140797
9.395619767127338
8.903651307331332
9.772196116623123
10.912662574661681
12.046345308467188
13.455541773084684
13.455541773084684
15.035102240663916
15.500508175482247
16.17440019682335
12.327634524319153
13.447172486546345
14.574326683701674
14.574326683701674
15.396590680082161
14.72800690757438
12.309199685989586
12.014221854631973
11.379872723284324
11.379872723284324
9.647723730698566
9.58955698093457
9.637856567927717
8.836715757313923
7.215636175819503
7.72636377658661
8.055752526976521
7.32425403378134
7.3663877325694775
7.329204417723727
7.373542453431388
7.65210428088649
7.825277466187865
6.71789502162835
5.516956341512347
5.145312060993012
5.145312060993012
4.536860481314946
4.629002558155208
3.891855433691368
3.891855433691368
3.891855433691368
4.173187426936921
4.3037219279623145
3.282988349592872
3.5491078519482864
3.7171753254015902
3.7171753254015902
3.412051114923664
3.499964493874052
2.829636010270833
2.829636010270833
2.937353633823269
2.2101630672818846
2.455572583834595
2.5219098945607468
2.5921912800408693
2.603198821237071
2.7177881274663895
2.970177920734633
2.970177920734633
2.970177920734633
3.3663697950403666
3.64370410705438
3.9475746983841464
4.284414265169984
3.4671538065493035
4.341097036406948
7.324240174449695
9.230736188744489
9.458202932952416
9.5153712371327
9.555389050058897
6.463952774976025
6.821643621564663
5.647053773798523
4.393796266777691
5.827973635851027
6.296990373508789
6.527204456408122
6.938834032401855
7.676668349920898
8.44495130725533
8.982749377389434
7.208038335973145
8.828026722904124
10.079892372634337
9.049622708300673
10.258080134900968
11.17884937965982
11.823387850991015
10.497103219508798
11.801893708480913
9.28836361446643
13.274692792085844
13.295647851995632
13.020204624269413
11.103343546210938
10.037671433095591
9.703212598100693
10.02543249710168
10.21892892357723
10.23182204338789
10.088258203830463
9.360775249283096
8.565013995517138
8.047513706101022
6.988044597700235
6.730315753443984
6.279470734038802
5.601414006472874
5.566755020392605
5.395186207759816
5.395186207759816
5.204506069415755
5.040441206374342
5.040441206374342
5.040441206374342
4.640418533510918
4.640418533510918
4.640418533510918
2.8471708671059877
2.8471708671059877
2.8471708671059877
2.8471708671059877
2.8471708671059877
2.8621026266020912
2.821578779353266
2.0244841314644986
2.0244841314644986
2.0244841314644986
2.0244841314644986
2.1664902277038904
2.1664902277038904
1.4241313051709352
1.3458141365857068
1.643908705106648
-0.11026553585526816
-0.11026553585526816
-0.11026553585526816
-0.11026553585526816
-0.11026553585526816
-0.29081750528307826
-0.29081750528307826
-0.582092980124586
-0.027783733935838495
-0.027783733935838495
-0.027783733935838495
-0.027783733935838495
-0.027783733935838495
-0.027783733935838495
-0.027783733935838495
-0.37079583293432417
-0.37079583293432417
-0.4956073997857594
-0.4956073997857594
0.47714871591721997
0.2538491563252717
0.4204737857694314
-0.6373537581612896
-0.28146905354128626
-0.7670283374789003
-0.8749325345447668
-0.8749325345447668
-0.5111508444386306
-0.27292778617666646
-0.4196091497555976
-0.363645910464913
-0.35935817015274946
-1.4789555836280508
-1.4789555836280508
-1.4789555836280508
-1.4789555836280508
-1.2863327078587594
-1.219675944711785
-1.1863165743262225
-1.1532636222503614
-1.1532636222503614
-1.1902289605183984
-1.1902289605183984
-1.1834767075920176
-1.2673582227525022
-1.4884542185563774
-1.4884542185563774
-1.4884542185563774
-1.6023674665437413
-1.661876145299825
-1.661876145299825
-1.7035322204290835
-1.802549127542847
-1.8317843892799928
-1.8317843892799928
-1.8317843892799928
-1.852249072495995
-1.852249072495995
-1.852249072495995
-1.852249072495995
-1.8836214318661264
-1.8836214318661264
-1.8836214318661264
-1.8836214318661264
-1.896067505791057
-1.896067505791057
-1.896067505791057
-1.898073077837618
-1.898073077837618
-1.898073077837618
-1.898073077837618
-1.8998889167719137
-1.8998889167719137
-1.8999222417403396
-1.8999455692182377
-1.8999455692182377
-1.8999455692182377
-1.8999455692182377
-1.8999455692182377
-1.8999455692182377
-1.8999455692182377
-1.8999455692182377
-1.8999455692182377
-1.8743454816658849
-1.8743454816658849
-1.8743454816658849
-1.8650351917825643
-1.6899861891031918
-1.2134238194198783
-0.9773541353331716
-0.6883564844327469
-1.0518495391029228
0.6399126886114543
0.6778373791235206
3.7663581606921634
3.044268196823445
2.366830480909439
3.6769470329104275
