0
-0.64
-0.64
-0.64
-0.64
-0.64
-0.64
-1.3406464000000002
-1.3406464000000002
-1.3406464000000002
-1.3406464000000002
-1.4866278400000001
-1.644719104
-1.644719104
-1.644719104
-1.8773496771641345
-1.8773496771641345
-1.8773496771641345
-1.8773496771641345
-1.8773496771641345
-1.8918458837790884
-1.8918458837790884
-1.8918458837790884
-1.8918458837790884
-1.898238710896283
-1.898238710896283
-1.898238710896283
-1.898238710896283
-1.898238710896283
-1.8989432265377697
-1.8989432265377697
-1.8993659359226618
-1.899863042159295
-1.899917825295577
-1.899917825295577
-1.899917825295577
-1.899917825295577
-1.8999506951773462
-1.8999506951773462
-1.8999822502638446
-1.8999893501583067
-1.8999893501583067
-1.899993610094984
-1.899993610094984
-1.899993610094984
-1.8999995031209858
-1.8999995031209858
-1.8999995031209858
-1.8999995031209858
-1.8999998926741328
-1.8999999356044797
-1.8999999356044797
-1.8999999356044797
-1.8999999356044797
-1.8999999768176126
-1.8999999768176126
-1.8999999860905674
-1.8999999860905674
-1.8999999860905674
-1.8999999860905674
-1.8999999949926043
-1.8999999969955625
-1.8999999981973374
-1.8999999981973374
-1.8999999981973374
-1.8999999989184024
-1.8999999993510415
-1.899999999766375
-1.899999999766375
-1.899999999766375
-1.899999999859825
-1.899999999949537
-1.8999999999891
-1.8999999999891
-1.8999999999891
-1.899999999996076
-1.899999999996076
-1.899999999996076
-1.899999999996076
-1.899999999996076
-1.8999999999976456
-1.8999999999985873
-1.8999999999985873
-1.8999999999994914
-1.8999999999994914
-1.8999999999996948
-1.899999999999817
-1.8999999999999342
-1.8999999999999342
-1.8999999999999342
-1.8999999999999604
-1.8999999999999604
-1.8999999999999915
-1.8999999999999915
-1.8999999999999915
-1.8999999999999915
-1.8999999999999988
-1.8999999999999988
-1.8999999999999992
-1.8999999999999995
-1.8999999999999995
-1.8999999999999997
-1.8999999999999997
-1.8999999999999997
-1.8999999999999997
-1.8999999999999997
-1.8999999999999997
-1.8999999999999997
-1.8999999999999997
-1.8999999999999997
-1.8999999999999997
-1.8999999999999997
-1.8999999999999997
-1.8999999999999997
-1.8999999999999997
-1.8999999999999997
-1.8999999999999997
-1.8999999999999997
-1.8999999999999997
-1.8999999999999997
-1.8999999999999997
-1.8999999999999997
-1.8999999999999997
-1.8589297443597583
-1.252963490379195
-1.049315347989878
-1.0180032201656328
-1.0180032201656328
-0.36407723128017583
-0.08150818186463982
1.362858734766483
0.9083443853758235
2.3969044297554767
2.0347934083058807
2.0347934083058807
2.9503320718075146
2.9503320718075146
3.989468149925227
5.0575342723425605
6.531035681263635
4.971844031939042
7.405469788478185
6.927875671683804
6.888256447578227
6.888256447578227
6.028007054567908
6.028007054567908
6.412618360781514
2.428468801683343
2.428468801683343
2.428468801683343
5.011155979042822
7.97725965456454
11.981381696919183
11.067622879708852
8.594943753470499
9.308317280840535
6.0362829751404306
6.9489419594048325
5.4170285307691035
5.4170285307691035
5.4170285307691035
5.143398737427431
3.823893165268699
3.823893165268699
2.9964763088666424
3.272096285333884
3.272096285333884
3.0373781413331837
3.0373781413331837
1.921529058667973
1.921529058667973
1.921529058667973
1.921529058667973
1.921529058667973
2.1809409016614993
2.282590740761392
2.168047689414729
1.741906579874483
1.1465851309100725
1.1465851309100725
1.3236541917943425
0.44787274024300805
1.2679004543506984
1.1114993579681816
-0.10117643274703009
-0.10117643274703009
-0.10117643274703009
-0.8962330235892706
-0.8962330235892706
-1.2603837026456999
-1.2603837026456999
-1.6697381329524519
-1.6697381329524519
-1.6697381329524519
-1.6697381329524519
-1.6697381329524519
-1.6697381329524519
-0.9218492943651926
-0.9218492943651926
-0.8377789039945374
0.3777927295660631
0.3777927295660631
0.3777927295660631
2.1084063892977314
2.1084063892977314
2.1084063892977314
2.1084063892977314
2.1084063892977314
4.102378306141521
3.5382831738958602
4.16002479891185
4.384967214957873
4.384967214957873
4.384967214957873
4.384967214957873
4.384967214957873
4.384967214957873
4.384967214957873
4.384967214957873
9.42547505022609
12.017999962536965
12.017999962536965
12.017999962536965
12.017999962536965
8.508738848916302
11.43818007648565
11.43818007648565
11.43818007648565
8.52444029431066
8.52444029431066
6.388593865954103
6.51443271424351
4.6235822243099065
4.6235822243099065
4.6235822243099065
4.6235822243099065
7.694135642138866
10.222272811817154
12.785198723090966
12.785198723090966
15.175102030260323
17.787687000358968
17.90178792276668
17.970248476211307
17.628143551191904
16.508656448258368
13.121912195485983
13.97372060008958
15.435895156680163
15.435895156680163
15.435895156680163
15.243676600379722
14.87461410526855
11.806178048905501
11.806178048905501
12.763896381119261
9.028430095819134
9.028430095819134
9.028430095819134
9.028430095819134
9.028430095819134
9.028430095819134
9.028430095819134
9.028430095819134
9.028430095819134
9.028430095819134
10.811734050883372
13.424782828131741
13.424782828131741
13.424782828131741
13.424782828131741
13.424782828131741
13.424782828131741
13.424782828131741
14.779470018314083
14.779470018314083
14.779470018314083
14.779470018314083
13.357396823187509
13.357396823187509
14.357979075132484
14.534537555589612
14.596082441623045
14.448900464177726
10.272047356049665
10.272047356049665
10.272047356049665
11.151526676118312
9.39913752614279
8.327167386770226
8.327167386770226
9.679487146568494
9.294490249387994
7.297115273665986
7.802026921952336
7.960876461348675
6.610800279679259
6.610800279679259
6.610800279679259
4.551583642187137
5.303787494660045
4.190515080614155
4.190515080614155
5.295491096134751
5.295491096134751
4.799514286613965
3.262238558495367
3.262238558495367
4.176968983353262
3.1588366356862396
4.177971252031603
4.638617397410372
4.959028491472971
4.335751311111311
3.22029917353159
3.483284556123465
3.6263503349671278
2.9404789540017626
3.218691847898043
1.6263042611682188
1.6263042611682188
1.2819661997998884
1.2819661997998884
1.2819661997998884
1.2819661997998884
0.7213032074320164
0.4544038305076649
0.4544038305076649
0.4544038305076649
0.4544038305076649
0.4544038305076649
0.4544038305076649
0.4544038305076649
0.4544038305076649
0.4544038305076649
0.4544038305076649
0.2856326407393158
0.2856326407393158
0.2856326407393158
0.2856326407393158
0.2856326407393158
0.2856326407393158
0.2856326407393158
2.9002173297863165
2.9002173297863165
2.9002173297863165
2.9002173297863165
2.9002173297863165
2.9002173297863165
4.188456045705343
5.497529131596437
6.21249028781601
3.7118667428948386
3.7118667428948386
5.925091913791258
6.780877241268792
5.099310622796139
5.099310622796139
5.099310622796139
5.099310622796139
5.099310622796139
5.099310622796139
5.099310622796139
5.099310622796139
8.490104322737333
11.528938098834796
14.348463787057021
16.49485563316926
16.49485563316926
17.78804367368279
13.850656164595366
14.449270548331755
14.341012902834562
10.79089260235265
11.901560545498326
12.042870357413474
9.423751741303446
10.296997017611188
10.89454015334287
10.89454015334287
10.89454015334287
10.65727044641098
9.531395242228838
9.620478723227848
8.000788226074539
7.17896428549685
7.17896428549685
7.17896428549685
6.68710488899852
7.160014801492553
7.463308568809316
10.10470807913509
7.647721498483143
9.273222296854737
8.067987204762442
5.658656636418778
8.413739164405845
10.162512891462477
6.503086136576268
11.457290214523614
13.377000010130052
15.786489770777028
14.357815603124369
12.620023559674925
15.1482389453514
17.419725700500013
17.403901271058313
19.5266977815899
20.915885822959428
21.084281545824417
19.811260074375294
19.89673937238844
16.658287909896657
19.381409686760797
21.25681024508296
21.25681024508296
21.804989728199168
23.564618539415463
23.796136217401795
25.32853802767832
24.23925366010488
27.388947342594808
22.478326979332504
22.536844052417912
23.109653689345507
23.951468262171588
24.168962754646856
24.299459450132016
24.377757467423113
23.643031551981274
21.77757179539081
25.038968459306254
27.80965576976449
27.091094150876017
27.48922880896875
23.642109749177237
20.94255153702228
25.14835750087088
27.49491891714521
27.49491891714521
24.827520490738184
26.326652832872117
21.116410037430462
22.882464633627762
23.245470400147685
22.15951768619793
22.502399125093547
23.210447630030814
22.83280682529319
22.37760875479923
18.805228990550937
18.805228990550937
16.707720979026924
16.707720979026924
16.707720979026924
16.707720979026924
17.55356431514801
18.279327021645248
17.899076798867593
17.652937200327752
16.773095079628607
14.43062195175673
14.43062195175673
14.364178708265621
12.145091431642804
12.145091431642804
12.580115184445269
8.620910303451332
8.620910303451332
8.620910303451332
10.310105941466013
10.310105941466013
10.310105941466013
10.076080806641862
9.659036573768061
9.659036573768061
8.267031049819087
8.267031049819087
8.267031049819087
8.267031049819087
8.267031049819087
6.109462921817272
6.109462921817272
6.109462921817272
6.109462921817272
6.109462921817272
6.109462921817272
5.18300442325057
5.18300442325057
4.241231724837435
4.241231724837435
5.571710947612063
5.5575026256507405
4.3569649729280915
4.800592954100132
2.462848497683585
2.462848497683585
3.5380197317247584
4.184307139640552
4.184307139640552
4.0038103512527
2.950676229400499
2.950676229400499
2.950676229400499
3.6649031559407663
2.7708309103028443
3.6258003578263778
3.665776601950975
3.543749734349823
3.9097177600588413
4.3211916468497975
3.0363210179413924
3.963053311274444
4.479440909966095
4.626801803543252
4.587335850531436
4.587335850531436
4.058035047108112
3.5010848601311286
2.842888711301791
2.919295641224209
2.5085686136020278
0.8793629494627644
0.6159536670598116
0.6159536670598116
0.6159536670598116
0.6159536670598116
0.20573403637444043
-0.10459312500423057
0.07663624180489037
0.5869025052256596
0.8544551361991058
0.740271823201277
0.2273180341766619
0.34568401218592054
0.48072043508798834
0.4710608337765931
0.4710608337765931
-0.9765511525581576
-0.9765511525581576
-0.9765511525581576
-0.9765511525581576
-0.9765511525581576
-0.9765511525581576
-0.9765511525581576
-0.9765511525581576
-0.9765511525581576
-0.9765511525581576
-0.9765511525581576
2.4737020488836743
4.932056340887726
7.0972203961089
8.733317535698301
5.0253832589565635
7.417023302115254
8.808092157235482
6.909986395281069
8.503870013134971
5.987458243561111
7.775522471442149
8.744071706138094
7.0250562075735985
9.121858026019554
9.121858026019554
5.969474574213678
8.575077604521661
9.518555055259629
8.814803129948853
7.7498485299745425
7.9304906564948565
8.484294739376226
9.906888758217635
9.438836386872401
9.653344700658865
9.653344700658865
7.467612874154365
7.396312461626257
5.684646997567716
4.8474414050976815
3.615608157595634
3.615608157595634
3.615608157595634
4.917719318457058
5.433895217684996
4.427924160101618
4.427924160101618
5.412607316572221
4.796103023909332
6.118402121109579
7.296610095215495
7.296610095215495
7.296610095215495
9.624473362752079
12.040946431596259
14.275753653587945
12.461257252337163
11.74838244170383
12.700410239275836
13.566064331519685
14.137550198974322
15.216764830703637
14.335957981972554
14.363931775299978
15.051791947684784
11.519613477650319
12.498921635437528
13.612962922983739
12.353190162929643
12.353190162929643
12.733225567618419
15.17170763246521
17.397078719660474
13.347654016614104
13.347654016614104
15.823003641253079
15.823003641253079
16.164726355767296
16.164726355767296
13.653833461572352
12.103634249605756
12.103634249605756
12.103634249605756
12.103634249605756
11.866553483090323
9.818128926382728
10.123900363287243
10.123900363287243
10.123900363287243
8.1374032220067
8.1374032220067
9.078021442123099
9.453834452027941
9.453834452027941
9.453834452027941
9.22143956680675
8.906026850901357
8.906026850901357
8.56283088644482
7.111068673081153
7.125868227783424
7.18009407044658
7.18009407044658
7.615917015860991
6.285422318873276
6.285422318873276
8.493352293775867
8.493352293775867
9.557870735179216
9.557870735179216
5.824388824741918
5.824388824741918
5.824388824741918
8.392095158741466
8.392095158741466
6.849323083851693
7.387553430698616
7.640494430801666
6.653812348110083
7.731837326949098
8.485576054899594
9.172807846552127
7.99996653153794
7.725479638943394
7.644144701695169
9.80732146455841
11.117188519659086
10.53616782802575
10.610517425025108
7.742305844165669
7.579386588383386
6.130677963388506
6.391861143852703
6.217529463540165
4.12026467844102
4.81312856501219
5.156032967897157
3.1170917927654656
3.1170917927654656
3.1170917927654656
3.516691501592322
3.516691501592322
3.9199490767609815
2.980831551019246
2.980831551019246
2.980831551019246
3.3080942102830733
3.151323792497271
3.2956019380767216
2.788518752285637
2.822841034412891
2.6903575543637097
1.4252012365181255
1.8273970065324414
1.3997926571399066
1.3997926571399066
1.3651596335938603
0.5957420742656415
1.0731309928372996
2.419044221441631
3.24382372067646
3.24382372067646
3.24382372067646
1.1675646983166001
0.62302910171215
0.62302910171215
0.62302910171215
2.769427473911409
2.769427473911409
2.769427473911409
2.769427473911409
3.795929980518992
1.841203373094974
1.841203373094974
1.0746577071320593
2.5628901703132803
4.443186607209729
5.571364469347597
5.81565791524747
5.576627567624809
5.977425661602125
7.232972476655184
8.64217520373814
6.077119607632521
6.077119607632521
6.077119607632521
9.176871646747852
11.238585565330482
8.019987819249344
11.795180840648127
12.231093349116986
11.976675118940536
11.824024180834666
12.957545202420524
12.957545202420524
14.33667297649193
14.33667297649193
12.602031002443564
12.83231697384098
12.574827315581103
12.574827315581103
12.16692467747917
9.937096025470545
9.937096025470545
9.629671387376384
9.629671387376384
9.629671387376384
5.653381918642392
5.653381918642392
5.3207492424498835
4.360991935969904
4.360991935969904
5.069213071905751
4.1444234657242065
4.060610399818529
4.060610399818529
3.3268905578325425
3.3268905578325425
3.3268905578325425
2.4681631832195796
2.395125501847818
2.542083141657928
4.249099339514659
4.249099339514659
4.249099339514659
4.249099339514659
5.7628660597800305
3.921555062234074
4.822191440100326
6.7509503993015265
12.834204251858882
16.103527705689245
10.399600056214364
9.64260924300019
7.524444626009241
5.11581703900768
5.11581703900768
7.375553055368959
8.553882650481922
10.130240467039878
9.79260092619109
7.136328175803503
7.379748618125867
7.5552244948345475
6.030734408074911
4.503819398439324
6.146763208104082
4.068865739220961
7.565980676858377
5.279364067472035
5.279364067472035
5.279364067472035
9.130675487333857
9.063255436025054
9.421171853973648
9.421171853973648
9.421171853973648
12.517116097383123
12.875576744023629
11.199874308434012
11.174964656536064
11.606841909231244
9.142630136323723
10.441811763961688
9.727248097771763
10.525853377303976
9.543044988628317
7.875904488381524
8.709154382086815
8.531223055058707
7.491650039114322
5.9186102840135915
6.5119156611933
6.867898887501125
6.867898887501125
7.081993252055414
5.507839779512219
5.866529320795398
5.943865926548859
5.753949430468964
4.5647622330375786
4.5647622330375786
4.5647622330375786
4.5647622330375786
4.867932809047685
4.934885772073385
4.95805522080057
4.97195689003688
4.97195689003688
4.792300360349066
4.573552376324063
3.6215311114583093
2.5524318240700197
2.426499756905611
2.426499756905611
2.7551785529141384
3.2809058090862786
3.7720084625086843
3.3054438553877183
3.3054438553877183
2.9736444888988105
3.7130908865143493
4.4063547576096855
5.009593834049625
5.050312341888721
1.961327519913342
1.961327519913342
2.281820445006863
2.427815074151365
0.9588941882453479
0.9588941882453479
0.9588941882453479
0.7046934324833285
0.7046934324833285
0.7046934324833285
2.5996884558065876
1.661629116807185
2.043053787962325
2.043053787962325
2.043053787962325
1.5744539865229847
2.9230751399747303
2.9230751399747303
1.8591289179412782
1.8591289179412782
1.8591289179412782
1.8591289179412782
1.8591289179412782
1.8591289179412782
1.8591289179412782
4.135235227749231
4.135235227749231
5.707619102256293
5.707619102256293
5.707619102256293
6.6510494269605305
6.6510494269605305
8.83960340226901
8.825601966608986
8.35336343693596
7.668116724700268
7.697449419845316
5.702674153925569
6.459175765320999
6.873333849646071
6.873333849646071
6.873333849646071
6.873333849646071
6.873333849646071
7.728061758037512
8.392571211172216
6.719824051496754
6.719824051496754
6.719824051496754
6.719824051496754
6.719824051496754
5.723199790321939
6.1568062176821385
6.1568062176821385
6.0167358087186305
6.0167358087186305
5.985219966701841
5.985219966701841
6.002955732311948
6.002955732311948
6.028849752753818
5.387695762643665
3.9385924377582455
3.9385924377582455
3.9385924377582455
3.9385924377582455
3.9385924377582455
3.9385924377582455
5.612809125556561
6.6940008414817855
6.6940008414817855
6.6940008414817855
6.9696741261120305
6.909943050471693
6.775888413467129
6.775888413467129
6.341284936739028
4.89398093506578
5.160487876231379
4.293672173713489
4.994475381038816
4.994475381038816
3.928166215059726
3.928166215059726
3.928166215059726
3.928166215059726
3.928166215059726
3.928166215059726
3.928166215059726
3.928166215059726
3.928166215059726
3.928166215059726
3.928166215059726
3.928166215059726
3.928166215059726
5.377033304380123
5.377033304380123
5.377033304380123
5.377033304380123
5.377033304380123
5.377033304380123
4.64635148712349
5.662648631024535
6.442330576290903
5.075032765962688
5.075032765962688
5.075032765962688
5.075032765962688
5.075032765962688
5.075032765962688
5.528097750315513
5.861917354936845
4.7864910879306635
4.7864910879306635
4.762958956617736
4.762958956617736
3.647783346440171
3.647783346440171
3.647783346440171
3.647783346440171
3.647783346440171
3.647783346440171
2.6499751474284268
2.6499751474284268
3.1150855309871575
3.1150855309871575
3.1150855309871575
3.1150855309871575
3.1150855309871575
3.1150855309871575
3.1150855309871575
3.1150855309871575
3.1150855309871575
3.1150855309871575
3.1150855309871575
3.1150855309871575
3.1150855309871575
3.1150855309871575
3.1150855309871575
3.1150855309871575
3.1150855309871575
3.1150855309871575
3.1150855309871575
3.1150855309871575
3.1150855309871575
3.1150855309871575
3.1150855309871575
3.1150855309871575
3.1150855309871575
3.1150855309871575
3.1150855309871575
3.1150855309871575
3.1150855309871575
3.1150855309871575
3.1150855309871575
