-0.5
-0.75
-0.75
-0.75
-0.9375
-0.9375
-0.9375
-1.2734375
-1.58671875
-1.58671875
-1.7433593749999998
-1.880419921875
-1.8951049804687499
-1.8951049804687499
-1.8951049804687499
-1.897552490234375
-1.897552490234375
-1.8993881225585936
-1.8993881225585936
-1.8996940612792967
-1.899961757659912
-1.899961757659912
-1.899980878829956
-1.899980878829956
-1.899980878829956
-1.899980878829956
-1.899980878829956
-1.899980878829956
-1.899990439414978
-1.899990439414978
-1.8999976098537443
-1.8999988049268721
-1.8999994024634361
-1.899999701231718
-1.8999998506158589
-1.8999998506158589
-1.8999999253079294
-1.8999999626539648
-1.8999999626539648
-1.8999999813269823
-1.8999999813269823
-1.8999999813269823
-1.8999999813269823
-1.899999990663491
-1.899999999708234
-1.899999999708234
-1.8999999999270585
-1.8999999999270585
-1.899999999963529
-1.899999999963529
-1.8999999999817645
-1.8999999999817645
-1.8999999999908823
-1.8999999999954411
-1.8999999999977204
-1.8999999999988602
-1.8999999999994301
-1.899999999999991
-1.899999999999991
-1.8999999999999977
-1.8999999999999977
-1.8999999999999977
-1.8999999999999977
-1.8999999999999995
-1.8999999999999995
-1.8999999999999997
-1.8999999999999997
-1.8999999999999997
-1.9
-1.9
-1.9
-1.9
-1.9
-1.9
-1.9
-1.9
-1.9
-1.9
-1.9
-1.9
-1.9
-1.9
-1.9
-1.5257313810437512
-1.5257313810437512
-1.5257313810437512
-1.5257313810437512
-1.7128656905218755
-1.7128656905218755
-1.8532164226304688
-1.8532164226304688
-1.8532164226304688
-1.8532164226304688
-1.8532164226304688
-1.888304105657617
-1.888304105657617
-1.8941520528288085
-1.5649557653808313
-1.0170382485557847
-1.0170382485557847
0.5536879913516463
1.1014968697079452
4.924593642591488
5.287874620113451
6.365368228185217
3.443534741240268
6.517190689804741
6.737443094488469
6.1484122246279185
5.581240213677322
3.3078578220159054
4.118375238730198
5.424946780398363
4.812621218006786
4.804731902751242
5.747265964871969
3.869250207183461
3.869250207183461
3.869250207183461
5.731349455822311
11.356162099354396
10.899160101034102
8.490486052972479
5.976517844353589
7.522367883513879
7.522367883513879
4.7858813282699035
6.704077070376962
6.792086634691813
5.872556894160488
4.225401277530164
4.888114302658165
5.1934400872319495
5.3035849762057685
2.1653709300114117
2.1653709300114117
2.1653709300114117
2.1653709300114117
2.1653709300114117
2.1653709300114117
2.1653709300114117
2.1653709300114117
2.1653709300114117
4.62485831122466
4.62485831122466
4.62485831122466
4.62485831122466
4.62485831122466
4.62485831122466
4.62485831122466
3.7143564276151304
3.7143564276151304
7.819274194629668
9.164722400551259
10.773748326808063
10.773748326808063
10.773748326808063
10.149852495828522
7.791228717858155
9.756053167653594
11.751138679839546
9.826476333376426
7.570895883469781
9.925799893604841
6.814472282493466
6.814472282493466
9.18487541398862
9.864314004481866
8.843061414820635
7.439819096935648
8.75722829290567
9.064647608676985
8.830201243447688
7.265889290366221
7.265889290366221
8.470687555904503
8.9086036577947
8.947941422828576
9.830664148044614
9.830664148044614
6.6926259182376295
6.6926259182376295
6.6926259182376295
6.6926259182376295
10.164152374216282
10.164152374216282
10.164152374216282
10.164152374216282
12.59791578933103
12.839829880352022
10.098444813228133
10.137354043128298
9.13777290787434
7.086795205626387
6.252923872280377
6.252923872280377
5.8584441196518116
4.787922810054116
4.787922810054116
7.548792413833773
8.929835608585044
9.992733899367506
10.823344986585317
11.500066721924473
12.121158956390232
11.772561866192063
8.996952465857575
6.170395191071243
6.170395191071243
6.170395191071243
6.170395191071243
6.170395191071243
6.170395191071243
6.170395191071243
6.170395191071243
6.170395191071243
6.364525358970781
6.364525358970781
3.913079155322194
3.913079155322194
3.913079155322194
2.7345874069972522
2.2474848589576943
2.2474848589576943
1.3662916827611948
1.3662916827611948
1.3662916827611948
1.3662916827611948
2.894256350471908
1.211776471812683
1.211776471812683
1.211776471812683
1.211776471812683
1.211776471812683
1.211776471812683
1.211776471812683
1.211776471812683
1.211776471812683
1.211776471812683
1.211776471812683
1.211776471812683
1.211776471812683
1.211776471812683
1.211776471812683
1.211776471812683
1.211776471812683
1.211776471812683
1.211776471812683
1.211776471812683
1.211776471812683
1.211776471812683
1.211776471812683
1.211776471812683
1.211776471812683
1.211776471812683
5.703885150726165
5.703885150726165
5.703885150726165
5.703885150726165
5.703885150726165
5.703885150726165
5.703885150726165
5.703885150726165
5.703885150726165
5.703885150726165
5.703885150726165
17.05016463257889
17.05016463257889
17.05016463257889
24.023436609277162
24.023436609277162
24.023436609277162
20.12689720169496
18.845554941618673
19.280501249730467
19.280501249730467
15.416363769350045
15.416363769350045
14.367939949617412
12.42884158280256
12.42884158280256
12.42884158280256
12.42884158280256
12.42884158280256
12.42884158280256
12.739438518317694
12.739438518317694
12.739438518317694
12.739438518317694
12.739438518317694
12.739438518317694
12.134571733880659
11.644334789414021
11.644334789414021
10.39682122899592
10.39682122899592
10.39682122899592
10.39682122899592
10.39682122899592
9.110630221385406
9.110630221385406
9.110630221385406
9.654720930523737
9.136198087736588
9.136198087736588
9.136198087736588
7.2172182415649715
7.2172182415649715
7.2172182415649715
7.2172182415649715
7.2172182415649715
6.9200904972488395
6.280565835978377
4.994066637682726
4.994066637682726
4.994066637682726
9.110021009643257
9.110021009643257
11.639487392207982
11.639487392207982
11.226490215696725
7.761741471829413
7.761741471829413
9.810400896577978
7.175345218617116
7.175345218617116
7.8156110919206165
6.112751205760555
6.112751205760555
4.6486419125005956
5.729134933574372
5.729134933574372
5.423270675607965
5.203112420623583
5.203112420623583
4.984738194209078
5.091271983500807
4.920007418556722
4.920007418556722
4.920007418556722
3.3096506311480787
3.2106460252217772
3.2106460252217772
1.952222721349753
2.0782039077926924
1.2819576340530314
1.2819576340530314
1.2819576340530314
0.9853826339059791
0.9853826339059791
0.9853826339059791
0.9853826339059791
0.9853826339059791
0.9853826339059791
0.9853826339059791
0.9853826339059791
0.9853826339059791
0.9853826339059791
2.6329206955697764
2.001274660791288
4.6006076658275745
4.6006076658275745
4.6006076658275745
4.7209153896026725
4.4849754938626685
2.879334171618006
2.7018624359098835
1.2884956068456346
1.2884956068456346
1.2884956068456346
1.2884956068456346
1.2884956068456346
0.8181879660700709
0.8181879660700709
0.8181879660700709
-0.19531782285322052
-0.25904181624429623
-0.25904181624429623
-1.3445203113061148
-1.3445203113061148
-1.3445203113061148
-1.3445203113061148
-1.6222601556530574
-1.6222601556530574
-0.4341669810471229
0.07696113027988583
-0.9139196300068512
-0.4232796401570709
-0.4232796401570709
-0.3065213745258064
0.7853912545016921
-1.4495717401078179
-0.7645265177425618
-0.5734013786898531
-0.7520660311318632
-1.00382756734591
-1.1695733383803417
-1.351062044569904
-1.7745741717661772
-1.7438081477389065
-1.7438081477389065
-1.8609520369347266
-1.8804760184673632
1.1360799327333557
3.7330141638193908
0.4574586628828998
-0.5228137173620317
-0.5228137173620317
-0.5228137173620317
4.644111179004922
3.945026158321627
8.681545088639536
8.30485225427229
9.65708865289987
12.804808650272307
14.238056862281418
14.238056862281418
19.363274200259795
22.510219013703583
25.773556147967213
28.023020634691402
27.790105380715584
25.999146656049316
25.999146656049316
27.39961410846979
26.349098656199228
23.301558852563165
21.32279554104587
17.64587953170752
15.6234800008104
15.6234800008104
16.270799361487356
15.350372829878898
13.404235991267361
11.486912821855967
11.486912821855967
12.235028191487935
9.814242766294145
9.814242766294145
9.814242766294145
8.95630429390985
8.735706453604497
8.47088068321204
8.71100279330929
8.71100279330929
7.930079226973127
4.942490972481364
6.0628549654546315
6.0628549654546315
4.519913711740644
4.519913711740644
4.519913711740644
4.815554496018358
4.815554496018358
4.1955642736075
5.8582467406771235
6.908212441660769
7.840513462038412
7.840513462038412
9.81897729577452
11.766414560785705
14.183616949458411
15.694280442161862
16.49509324950146
15.561536291937884
15.561536291937884
14.375662068377597
14.8186957097911
14.658095233892528
17.313819807740167
16.25599229253341
11.778917452706619
13.33086453462683
18.157900833256427
17.93886600936555
18.295849597001506
19.065280120216123
22.33293805714618
15.248694049173789
21.76361163524054
21.42794233841579
21.894773960832634
22.188379243804654
14.920108006998491
14.920108006998491
16.422045800762362
16.11627847555495
12.805178419285065
12.805178419285065
12.805178419285065
12.805178419285065
12.805178419285065
14.361528479483614
14.361528479483614
14.361528479483614
14.361528479483614
20.010379440953358
16.239028579646956
24.767439445626643
23.048792885019765
23.758542007756095
21.105963395031193
19.013885934744195
22.816497307682347
26.56278153795165
29.33626968209273
30.218167637565394
30.88040797455335
29.524035667688146
23.134916155885385
22.00195109179353
19.744962904884854
23.931496074555838
25.74445355468137
25.920462913213065
19.85743029055206
17.52623221048414
17.52623221048414
20.036015460263712
20.660412082145818
15.380716967015697
15.380716967015697
18.42448700444707
19.684632718535966
17.182462235284255
15.655659868884948
15.655659868884948
14.132253148184336
12.137651993922663
11.674049231680307
11.674049231680307
12.747284787271727
9.187447230378776
7.802681926767367
7.802681926767367
7.802681926767367
10.055104655202516
10.579079508531347
10.579079508531347
12.000233105039449
11.955997358847462
11.23755866392148
10.878339316458488
8.645784368741364
8.645784368741364
8.645784368741364
8.645784368741364
8.645784368741364
8.645784368741364
9.963127982305643
8.99245001991926
8.99245001991926
10.944464107679206
14.14296416539459
13.023088019055265
11.007003412691517
8.849769132150946
9.459042363780217
11.47210415068717
11.47210415068717
8.8901344636827
9.412583169148181
6.730104789673905
6.226128831980176
8.202347499792653
8.878460822131904
5.14549931882857
5.14549931882857
5.14549931882857
5.14549931882857
5.14549931882857
7.169831428175707
9.605395706960955
11.53487695840942
13.64617442404867
18.011909218605602
20.204212200698535
19.340214853129915
17.306756524353062
13.916296998885457
10.32758413935354
8.866903270991534
7.0194909240458525
7.263122953986662
4.9474151388399665
6.195515804455808
5.994203702694787
5.436628160550466
3.283522574523977
3.283522574523977
3.283522574523977
4.113214323434951
3.0893181824848193
3.0893181824848193
2.3948690592083164
2.3948690592083164
2.3948690592083164
2.3948690592083164
2.3948690592083164
2.3948690592083164
5.523689012308915
5.523689012308915
5.523689012308915
5.523689012308915
5.523689012308915
5.523689012308915
5.523689012308915
5.136229045301235
5.136229045301235
5.136229045301235
5.136229045301235
9.311824279570605
8.284746004543061
9.750704435435807
11.357818566780361
8.629155065097756
9.597823562643654
8.131536385491977
5.241823454738981
6.055796594256818
6.055796594256818
3.415430156126077
3.415430156126077
3.415430156126077
4.413479918486864
4.352516598333368
3.8973534369073186
3.8172440596310295
2.3817465640254865
2.3779880918826564
2.3779880918826564
3.265951039449721
2.6368497232930874
2.9690141783879445
3.616798440544388
4.093890988423896
3.1238651242542614
1.9781327039251373
1.9781327039251373
2.5806789179615603
1.6344077129356822
0.9106946472687877
1.2316763177589896
1.5678357741513351
0.5554121191852464
1.5807138648467889
0.7095677273412337
1.6625746031613038
1.325755196662929
-0.7809970047751398
-0.7809970047751398
-0.7809970047751398
-0.72850012586298
-0.72850012586298
-0.43895343765285627
-0.43895343765285627
-0.4791220888443182
0.3737959267030216
0.3737959267030216
0.3737959267030216
0.9008671924828653
2.0529222705347916
1.5912113070737623
1.447275383577502
1.354150975215354
-1.0699059143009317
-1.0699059143009317
-1.0699059143009317
-1.0699059143009317
0.9098682141656758
0.9098682141656758
0.9098682141656758
0.9098682141656758
-0.49668110715886493
1.0691742639741655
4.171968857008049
7.555577516174456
4.743958502150102
7.901025601448525
8.44910059397496
6.650313286062401
6.372613308793676
7.384207503266052
7.164329489627406
7.164329489627406
14.06994212014232
14.06994212014232
14.06994212014232
14.06994212014232
14.06994212014232
14.06994212014232
14.06994212014232
14.06994212014232
14.06994212014232
14.06994212014232
14.06994212014232
15.939279185704386
18.778628171819115
18.778628171819115
18.778628171819115
18.778628171819115
16.316841263252066
16.316841263252066
13.048193920267487
13.048193920267487
13.048193920267487
13.048193920267487
9.139715441009102
9.139715441009102
9.139715441009102
12.656962688528745
15.30742965829172
17.680392105266446
17.579979287328666
20.16254567559531
20.16254567559531
22.044426339732496
14.777629915077721
14.777629915077721
11.599955840396053
11.599955840396053
7.909619959712689
7.824417246157704
7.824417246157704
7.824417246157704
6.933196383849819
6.933196383849819
6.933196383849819
6.933196383849819
6.933196383849819
9.72115888147674
9.72115888147674
10.93233706303522
11.77362628780148
9.458069884334186
11.405059493126224
11.151497490798956
8.842764062116508
9.56299705118873
7.750326515909054
9.132761137109597
9.132761137109597
7.460026797497034
7.460026797497034
8.064833038621614
6.277165225429801
6.277165225429801
7.865921267286139
5.382533090514636
7.717433075352073
8.681277769412803
8.771241184058095
9.905672694121826
9.00147639716571
7.970057500319519
7.122684814994507
7.122684814994507
7.122684814994507
10.345351526217787
11.05288068616584
11.190657124358431
11.190657124358431
11.086459967140044
11.086459967140044
15.451757156205481
18.715720087543076
10.587629456508651
19.746246256183383
14.383826242678385
19.09622592977101
17.141288735712916
21.052527332642235
16.935979161969378
21.477866627934322
26.205101278076466
36.235522434820055
38.48508769313223
33.845123455265885
31.94476029828246
27.148478055758716
28.071030004207344
27.183742697394166
29.32672451972728
26.001891228234427
31.393839009249195
36.11365052346714
31.294641350540285
26.991551927954248
28.391681208910363
29.205411986108736
23.377605417013925
23.377605417013925
23.279549884678442
25.09832289640404
16.78087204998205
16.78087204998205
16.78087204998205
16.78087204998205
23.729797139579865
22.41307507134257
18.796451649320613
14.174869992630262
13.52971852231022
15.68440949007249
16.360277603239318
16.360277603239318
17.413011743611563
15.278906067961085
14.241836346250238
14.129279690333117
14.942909280923109
12.503188823490587
12.503188823490587
12.503188823490587
12.503188823490587
12.503188823490587
12.503188823490587
12.503188823490587
16.440970281674776
18.486637044081625
16.532111671390027
18.49625047701394
20.675429975142293
21.82876313910984
15.302903550135415
13.838704612724005
11.520749180290755
15.036608507262095
22.102907693387223
25.99868366109983
23.114704040913
27.60865270879848
16.99339678209234
16.99339678209234
20.324682255208604
18.808448142448174
11.226979931052073
16.09393367506689
11.81246370317277
11.81246370317277
11.81246370317277
11.81246370317277
11.81246370317277
11.81246370317277
11.81246370317277
11.81246370317277
11.81246370317277
11.81246370317277
11.81246370317277
12.386696209318977
12.240100640543607
9.058236131483126
9.058236131483126
10.244276962786111
10.244276962786111
10.244276962786111
10.244276962786111
10.244276962786111
10.244276962786111
10.244276962786111
10.244276962786111
10.244276962786111
10.244276962786111
13.642175410812037
12.483337223248311
12.35072890028963
12.35072890028963
13.028370732763168
13.010074775854092
12.45279189197191
12.45279189197191
12.612183708487034
10.027642699958587
7.869906168817164
7.869906168817164
7.869906168817164
6.036231329194047
6.036231329194047
6.036231329194047
8.388628894150981
10.571413030276958
8.730024114022326
5.367265281699121
5.367265281699121
6.883495047171273
5.656894867463253
5.240216741387494
5.037664534366607
5.037664534366607
5.044658645549657
3.3932667588334873
3.3932667588334873
3.3932667588334873
3.3932667588334873
3.3932667588334873
3.3932667588334873
3.3932667588334873
3.3932667588334873
3.3932667588334873
3.3932667588334873
3.3932667588334873
2.2786613077792426
2.2786613077792426
2.2786613077792426
2.2786613077792426
8.410072944708674
11.475778763173388
11.475778763173388
12.26463418229153
13.989393762348325
8.739603912703693
13.344009838393227
13.62466253491604
13.339076068162857
10.02951517800059
6.608766771104031
7.630868339374938
9.230944660837917
9.62340638661024
7.0688441285787995
10.203774380858212
8.552752807158514
8.552752807158514
8.927359732847641
7.240737196765801
7.3620391481417204
7.3620391481417204
6.877802306229444
7.8691591542791794
9.271427533164687
9.616991173059546
7.872501469270164
7.872501469270164
7.669174714868598
7.524350763577511
7.320095488787665
7.320095488787665
5.072209907687002
5.279326579993953
5.382884916147427
5.932762954568727
7.446857051748941
9.040740294142491
6.404425811145469
6.404425811145469
5.390451646611904
5.390451646611904
5.390451646611904
5.619275121408549
5.689282974104652
5.183342993204781
5.183342993204781
2.7219203999587003
2.7219203999587003
2.7219203999587003
2.7219203999587003
2.7219203999587003
2.7219203999587003
2.085824379960765
2.085824379960765
2.085824379960765
3.020079746386209
3.61456638179259
4.383805036500183
3.495028233102798
5.220503009682423
4.190304428307013
3.1858272933528813
2.066484550856233
2.066484550856233
2.92899568709755
2.953881448534592
1.6276280417906563
1.4617087893365603
1.4617087893365603
0.23054584463117023
0.23054584463117023
0.23054584463117023
1.815365785321037
0.7671323579816269
0.7671323579816269
0.7671323579816269
5.621448602032271
5.621448602032271
5.621448602032271
5.621448602032271
5.621448602032271
9.31939371991288
9.31939371991288
14.512380683219103
14.512380683219103
14.512380683219103
14.512380683219103
9.68711834986663
11.279813005748835
11.279813005748835
17.14453211199454
17.14453211199454
15.787305506394812
15.787305506394812
