0
-0.84
-0.84
-0.84
-1.26
-1.26
-1.26
-1.26
-1.7112
-1.8244799999999999
-1.8244799999999999
-1.8244799999999999
-1.8879168
-1.89516672
-1.89516672
-1.898066688
-1.899876268032
-1.899876268032
-1.899876268032
-1.899876268032
-1.899876268032
-1.899876268032
-1.899876268032
-1.8999505072128
-1.8999505072128
-1.899992081154048
-1.899992081154048
-1.8999997972775435
-1.8999997972775435
-1.8999997972775435
-1.8999999189110173
-1.8999999189110173
-1.8999999189110173
-1.8999999870257627
-1.8999999870257627
-1.8999999870257627
-1.8999999870257627
-1.8999999999468575
-1.8999999999468575
-1.8999999999468575
-1.8999999999468575
-1.8999999999468575
-1.8999999999468575
-1.899999999978743
-1.8999999999914972
-1.8999999999914972
-1.8999999999914972
-1.8999999999986394
-1.8999999999994557
-1.8999999999997823
-1.8999999999999944
-1.8999999999999944
-1.8999999999999944
-1.8999999999999944
-1.8999999999999995
-1.9
-1.9
-1.9
-1.9
-1.9
-1.9
-1.9
-1.9
-1.9
-1.9
-1.9
-1.9
-1.9
-1.9
-1.9
-1.9
-1.9
-1.9
-1.9
-1.9
-1.9
-1.9
-1.9
-1.9
-1.9
-1.9
-1.9
-1.9
-1.9
-1.9
-1.9
-1.9
-1.9
-1.9
-1.9
-1.9
-1.9
-1.9
-1.9
-1.9
-1.9
-1.9
-1.2694038936398335
-1.6477615574559334
-1.1859669980042695
-1.1513820874338323
-1.5946542860528732
-1.4098196741006734
-1.4098196741006734
-1.7551172808207525
-1.899695632824625
-1.89987825312985
-1.8999922082003105
-1.899999920211971
-1.8999999680847883
-1.8999999998692751
-1.8999999999986612
-1.8999999999997856
-1.8999999999999142
-1.8999999999999995
-1.9
-1.9
-1.9
-1.9
-1.530205290355973
0.5591348191327778
-1.1939763503504421
-1.32759007538088
-1.5646588360050306
-0.7606095621195381
-0.1653993707850864
-0.27314235131990783
1.6016816361778656
2.5815440273503563
2.6927707081214804
2.6927707081214804
2.6927707081214804
5.362707392207275
4.205642043849011
6.433949930927089
4.387065176591568
8.678460591378595
11.879824208166372
22.426706440539128
23.124930916643397
21.296638586692794
11.524808527731706
12.791371606608516
8.002762393479536
8.002762393479536
11.769444661295427
11.769444661295427
10.22507205013134
10.239815855225736
7.343060928088477
8.052335802720282
7.869172768485998
4.213529091705041
4.213529091705041
4.25197701385793
4.775630870344671
4.413674112088717
3.72377202025936
6.930789264972491
10.559432651527132
12.775480344370585
13.242770481623069
13.242770481623069
10.890378205731118
10.890378205731118
12.377843372763277
9.52741407327785
13.038730491461795
10.168881824163549
24.602879120057086
28.79008476067443
34.20456521845262
20.93609760926229
20.665204730923083
13.498170100311686
13.498170100311686
8.610355271336129
8.610355271336129
17.673075791296796
15.135704277752627
18.232194225247515
14.05687496693304
20.129127305618553
22.99775239519362
20.76239574849049
18.92017149303819
13.251472056659306
13.251472056659306
13.251472056659306
15.523356106121803
11.681493342570798
11.681493342570798
15.01944580432578
10.74288526015463
12.154265326865252
10.650371712677268
11.932732823561016
10.256827405586758
7.81808554256198
7.81808554256198
7.81808554256198
7.013045447162853
5.411815726167805
5.411815726167805
4.419345809937474
4.419345809937474
5.6113926636334455
5.6113926636334455
4.5099590828921485
4.2605698359406405
4.2605698359406405
4.2605698359406405
4.2605698359406405
4.2605698359406405
4.2605698359406405
4.2605698359406405
4.2605698359406405
4.2605698359406405
4.2605698359406405
4.2605698359406405
4.2605698359406405
5.31398441814696
5.31398441814696
5.559682127133319
5.559682127133319
5.559682127133319
5.559682127133319
5.559682127133319
5.559682127133319
5.559682127133319
5.559682127133319
5.559682127133319
3.264325097690735
3.264325097690735
7.945923110920292
14.714800922292445
14.714800922292445
17.422352046841308
17.422352046841308
6.680084504578113
8.880136166886725
19.32724753018301
20.691132371828765
20.78836901146933
20.946212607388418
21.779309329878565
24.76526957214259
13.908219118302043
13.908219118302043
20.107378160526203
18.223676645863872
18.989341917175533
18.204243274444725
18.317813471325426
17.38317466174305
17.445133704470113
17.447675613915326
14.57401286976339
16.017282591730307
15.623334798161457
13.413674053929277
11.483414124074166
10.487998585263064
10.487998585263064
9.927206243363363
8.828809710688232
8.728018292822508
12.19262108421212
10.85584556296315
7.823189764317878
7.823189764317878
6.590893047341355
7.2031448858539475
4.41764203698836
4.41764203698836
6.150868923589753
6.150868923589753
3.4849677734717255
2.836476652107975
2.836476652107975
3.3824224226386868
4.158427267110232
4.158427267110232
4.158427267110232
5.309730551606379
5.310683708804918
5.693078985576458
5.359393286193005
3.3455214554202906
2.779407613285201
3.644999094440442
3.644999094440442
21.346134866805492
28.446921022249455
22.42285422830756
22.42285422830756
22.42285422830756
39.17986829806621
44.2121973495121
32.6257393574913
36.140764588738094
36.140764588738094
35.18370325595919
32.01935381014209
30.119688510435665
30.119688510435665
29.055875942600068
29.055875942600068
21.408603957750614
21.408603957750614
21.408603957750614
21.408603957750614
25.882285517382307
24.826159020327864
17.935649887266905
17.935649887266905
26.32353102273396
26.32353102273396
26.958578960397308
24.407167101513334
19.810046752105762
19.478940584444363
22.966875489907004
21.34566723427144
18.452551168948695
16.534884659753367
17.733034086339288
19.757488357827402
16.04917449761797
16.04917449761797
14.246076120219316
14.246076120219316
16.801327678054445
19.6494957155393
20.621760037601383
18.22623125562709
17.71267515714626
14.834416222570638
13.017110994633182
13.017110994633182
13.017110994633182
15.834296092786794
15.834296092786794
15.55034047994697
16.68118854587186
23.689853060575494
25.304906139219252
17.49290854901967
14.484491119230713
14.58176516965961
17.077281680063127
13.709244777698835
13.709244777698835
12.641978555101325
14.201165477926311
13.533907308729047
13.788989158282345
12.164375185581846
11.20145211919135
11.20145211919135
12.869353872969242
11.484153470837851
10.364936283136437
10.364936283136437
11.17568578527364
11.20292691494792
7.060268752833849
7.060268752833849
7.060268752833849
8.522550290843702
8.851954269174362
8.920962559475155
8.436251652717411
8.242367290014313
8.242367290014313
4.447399855565466
4.447399855565466
4.447399855565466
4.447399855565466
6.026388069102364
5.082246186918852
8.756384179849537
7.903557201853596
5.048890524909153
5.048890524909153
4.417566668194917
3.5057517136528076
6.8831850534325225
7.2766929161632214
8.311343019212886
3.3076498233676785
3.3076498233676785
3.3076498233676785
5.977797078801691
6.758456857195702
10.39381364960255
16.100525321761232
18.563827157948825
18.563827157948825
18.563827157948825
16.52708826138454
24.81530535698442
14.068183380718628
14.068183380718628
17.574840757372847
17.574840757372847
17.574840757372847
17.574840757372847
17.574840757372847
22.21549607493385
23.006595117725087
21.157774615623918
21.284548954498757
21.92240052437016
24.86765283696132
18.369404468311135
23.063508097739916
21.29433228985344
21.566331842312454
21.21348836356522
21.450408265613117
21.54517622643228
18.36679522716186
17.066313111513427
17.066313111513427
12.58907580139136
12.58907580139136
12.58907580139136
12.58907580139136
12.58907580139136
13.56147486436739
12.048278380800442
16.05143392631888
8.240919205120928
8.240919205120928
18.281156737058176
24.473757274826628
29.60055712365197
20.642146520407223
19.44395604874269
12.879812617485896
11.817250166522232
11.48247985490464
10.114610691212029
10.829697766841042
10.654168639072862
10.654168639072862
8.655033806016865
8.655033806016865
8.655033806016865
8.691062972739434
8.303099840491118
7.675395423925471
7.675395423925471
6.942803919280342
6.942803919280342
6.5274922249475935
5.437145691425508
5.157867682564422
5.157867682564422
8.38135424428286
8.834224017868936
5.195366981031118
3.3425280066752467
3.3425280066752467
3.3425280066752467
3.3425280066752467
3.858847830537951
3.858847830537951
3.858847830537951
4.877461324987769
4.500892428296383
2.779291130307308
2.750530398378584
2.750530398378584
-0.2566781814102077
-0.2566781814102077
-0.2566781814102077
-0.2566781814102077
1.070208778025761
1.9296859959090606
1.8418815079670856
0.3507887982123914
1.3251899663454405
1.8954130211891562
1.8707737092183636
0.40312845562394306
-0.6887104528289892
0.8430718964846106
0.5349233598839936
0.8002175733353092
-0.6726981607053268
0.002036413326541253
-1.6417289990742256
-0.6025892588147217
-0.37656781096653796
-1.2372246611512423
-1.0581880702114947
-1.2779009163600317
-1.2779009163600317
-1.2779009163600317
-1.2779009163600317
-1.6512114537155316
-1.832093651749095
-1.872837460699638
-1.872837460699638
-1.872837460699638
-1.8891349842798553
-1.8891349842798553
-1.8891349842798553
-1.8891349842798553
-1.8891349842798553
-1.5000422196524417
-1.4377873773120553
-0.8598065234016743
-1.4839226093606697
-0.7328094094815533
-0.9441301542886091
-0.1777564992109285
-1.3402017543259013
-1.8104322806921442
-1.8104322806921442
-1.7916634897599275
-1.6151645299286326
-1.6151645299286326
-0.8684662413613977
-0.9029810715615205
1.601744485007693
4.790208497736623
9.268773534682737
9.413939453105469
15.568532862783062
15.337106501555258
15.583988229533604
13.622105536128549
13.630811807677082
13.630811807677082
14.167367292579183
19.241367141368713
19.540820931116997
14.587432985946018
14.587432985946018
11.341687139660696
11.341687139660696
14.072166037423049
17.12950671428694
19.653054591025477
20.974889197855084
19.116395845983778
17.10415564840889
14.002787810263975
8.927818078079364
8.927818078079364
8.927818078079364
8.927818078079364
11.520581670641924
11.520581670641924
11.520581670641924
11.560967886774767
10.853669509229814
10.853669509229814
6.960320293124142
6.960320293124142
6.960320293124142
6.960320293124142
8.54732016805364
9.280294230944056
5.931001986208583
4.313989632605005
4.313989632605005
4.313989632605005
4.313989632605005
7.617796469740847
7.617796469740847
12.883760158276669
13.85523379895328
17.696053833534187
10.637073191190677
17.467063202192566
25.6468863240015
14.86196758397127
14.86196758397127
14.86196758397127
14.86196758397127
15.807976153290445
16.00547824282698
14.519410333923101
14.519410333923101
9.65536502266444
7.794318424896543
7.794318424896543
7.794318424896543
7.794318424896543
7.794318424896543
7.794318424896543
7.794318424896543
7.794318424896543
8.456796122764308
4.763379057236875
4.763379057236875
4.763379057236875
4.763379057236875
3.8790930959232144
4.960198692973422
4.960198692973422
5.298362756132664
5.1341757453241295
1.5577111487633024
1.5577111487633024
1.5577111487633024
1.5577111487633024
1.5577111487633024
1.5577111487633024
2.759380788603667
3.6527782255691643
3.6692945132942083
3.379907883535314
1.064464426862588
1.064464426862588
1.5805898017299744
1.0515692669720182
0.4920315711618668
0.4920315711618668
0.4920315711618668
0.4920315711618668
0.4920315711618668
0.4920315711618668
0.4920315711618668
-0.11620274893319252
-0.2905614905372051
-0.2905614905372051
-0.2905614905372051
-0.1461911173841194
-0.448219729700994
-0.448219729700994
-0.7754355412889418
-1.4519425539686734
-1.4519425539686734
-1.6876156879997561
-1.6876156879997561
-1.877492669952154
-1.877492669952154
-1.877492669952154
0.7744878066560346
0.7744878066560346
0.7744878066560346
0.7744878066560346
0.7744878066560346
0.7744878066560346
1.0492449097354943
1.5038474957337546
0.3459153772030859
0.3459153772030859
0.3459153772030859
-0.7880646238143874
-0.8267221069957101
1.7311465996000663
2.3718835345272904
2.3718835345272904
6.0846674603412065
9.479980550184717
9.479980550184717
10.733305139269275
9.67392841776739
6.231958439709855
6.840638248190724
6.398188998233693
6.246317805591716
5.046569318560358
10.22142794651785
6.804583664264176
6.826124920943974
6.826124920943974
3.653286121806551
3.653286121806551
1.0096273016858617
1.0096273016858617
1.0096273016858617
3.2371364767449626
4.300223002008543
4.356208276825644
2.6052200959320584
3.998496123794687
1.8431329344037577
1.8431329344037577
1.8431329344037577
1.8431329344037577
2.1576556795259236
2.346925308250337
2.346925308250337
2.346925308250337
1.3062294446958607
1.126185719889675
-0.4156737233576553
0.3973114905838969
1.434129398821605
1.434129398821605
1.3559610137351392
1.3559610137351392
1.3559610137351392
0.253692588860823
0.253692588860823
0.8223256031472443
0.8223256031472443
-0.4714535045105912
1.1355634551502398
-0.4525777593567706
-0.4525777593567706
0.5396443463946032
2.1674910608177544
2.346839565539298
2.2351706170229524
2.1829434598308732
1.9672798365453052
1.2620726467958923
0.7797494262170249
-1.0156728057241278
-1.0156728057241278
0.4835188321005468
-0.5507922772919587
-0.10333490433835804
-1.612533584694137
-0.8079155609026715
-0.8079155609026715
-0.3614869117537753
-0.7619787931456681
-0.9981823940361944
-1.1961284915113948
-1.1961284915113948
-1.448973029111775
-1.8884537095452614
-1.8884537095452614
-1.8953814838181045
-1.8953814838181045
-1.8953814838181045
-1.8953814838181045
-1.8953814838181045
-1.8953814838181045
-1.8953814838181045
-1.8953814838181045
-1.8953814838181045
-1.8953814838181045
-1.8953814838181045
-1.8953814838181045
-1.8953814838181045
-1.8953814838181045
-1.8953814838181045
-1.8953814838181045
-1.8953814838181045
-1.8953814838181045
-1.8953814838181045
-1.8953814838181045
-1.8953814838181045
-1.8953814838181045
-1.8953814838181045
-1.8953814838181045
-1.8953814838181045
6.972188152713475
6.972188152713475
6.972188152713475
6.972188152713475
10.14121372405923
10.14121372405923
10.14121372405923
10.14121372405923
10.14121372405923
10.14121372405923
10.14121372405923
28.628539242038148
28.628539242038148
28.628539242038148
37.39673291057146
37.39673291057146
43.478620644324614
43.478620644324614
46.30322351811454
50.454380910813356
50.454380910813356
50.454380910813356
41.14744548543343
41.14744548543343
44.45956452866735
49.00505001998435
36.86247040935862
29.25005868179286
30.139262488273726
23.150205309918924
23.150205309918924
23.150205309918924
23.150205309918924
23.150205309918924
21.506046471515283
21.506046471515283
19.504711445577616
19.504711445577616
18.806479652253685
19.28598123573932
19.28598123573932
14.65394136140275
14.65394136140275
14.65394136140275
16.716042465820266
19.28587615211785
21.011806924449115
18.37981434456831
18.107262214920798
18.46456723550911
14.864538340599363
13.372666040163402
11.051545431602454
11.051545431602454
11.051545431602454
13.249261560680669
13.137872326504851
9.282657698891482
9.282657698891482
9.282657698891482
9.282657698891482
9.282657698891482
7.3575290621943275
7.3575290621943275
7.3575290621943275
7.3575290621943275
6.528207793855023
6.528207793855023
6.528207793855023
7.051226313283798
5.701497439885208
3.933700332065669
3.933700332065669
3.933700332065669
6.867824612758014
5.334056937515921
4.753657720484142
5.4219653873286475
5.4219653873286475
4.234908968478663
3.843951087084366
6.52349967021795
6.52349967021795
6.52349967021795
7.0094413001379365
3.857681006931028
1.3610013500510219
1.7262966504669697
1.7262966504669697
1.7262966504669697
1.7262966504669697
1.7262966504669697
1.7262966504669697
0.7508758243340294
0.7508758243340294
0.7508758243340294
2.7674708852572047
4.684658400188442
6.295053154754267
6.295053154754267
6.295053154754267
9.272929763308998
9.597368794443824
9.727144406897754
6.999424865284257
6.993406720891045
4.236117618415699
3.512167842148691
3.512167842148691
3.512167842148691
2.618440929436877
2.618440929436877
2.618440929436877
2.618440929436877
2.618440929436877
2.618440929436877
2.618440929436877
2.618440929436877
2.618440929436877
2.618440929436877
2.618440929436877
2.618440929436877
16.023895401170744
16.023895401170744
16.023895401170744
16.023895401170744
16.023895401170744
16.023895401170744
19.894430860635904
19.894430860635904
21.796598688522838
14.730509313430248
14.730509313430248
14.730509313430248
14.730509313430248
14.730509313430248
14.730509313430248
20.47944038329301
20.873964768712376
20.873964768712376
21.97661601141077
20.635994265034
20.756121418150553
17.807635448941312
21.13124069345383
14.822247228460895
14.822247228460895
14.822247228460895
14.822247228460895
15.112809834325596
20.000812342151278
20.75909631006314
19.936883614835725
20.502410893328193
17.48611927981195
17.48611927981195
16.03142150196983
12.946719095349508
12.946719095349508
12.946719095349508
14.304532362907633
14.69255185656234
15.211182217393514
12.047645960741797
12.047645960741797
12.047645960741797
12.047645960741797
14.89682360568981
13.403014189348422
13.403014189348422
13.629948436674116
11.04471690550214
8.246866583174656
10.178896958142767
11.407381754217454
12.582027700484776
12.210741579063837
12.210741579063837
10.931936455506625
5.361790300252363
5.361790300252363
5.361790300252363
3.860504052299084
3.860504052299084
3.860504052299084
3.860504052299084
3.860504052299084
3.860504052299084
3.860504052299084
3.860504052299084
3.860504052299084
10.963253019494351
8.066309467251589
8.608986742862305
8.71148856423308
8.71148856423308
9.181417591622914
5.447982461842369
5.447982461842369
5.447982461842369
5.447982461842369
5.447982461842369
5.447982461842369
5.447982461842369
5.447982461842369
5.447982461842369
5.447982461842369
5.447982461842369
5.447982461842369
5.447982461842369
5.548320959234653
4.686927570367975
4.686927570367975
4.686927570367975
4.232974431945103
4.226443994481222
3.4364302726141696
3.3439358698902604
3.3439358698902604
3.4466118875929674
4.351689613020768
3.5606528316916526
4.033247247625172
2.6179207104831668
2.3699169674026397
1.648326784034071
1.648326784034071
1.648326784034071
2.0592807493160197
1.7656311303723755
-0.31590224879414763
-0.31590224879414763
-0.9331200906851309
-0.9331200906851309
0.7082555975017375
1.0160993211742477
2.5691864645515174
3.5327787032576783
4.6894335624803505
5.152095506169419
1.4015454258180577
3.6739241569381265
1.6036256714211123
