-0.7
-0.7
-0.7
-1.54
-1.54
-1.7919999999999998
-1.8676
-1.8676
-1.26028
-1.651384
-1.651384
-1.82495593
-1.8774867789999998
-1.8932460336999999
-1.8932460336999999
-1.8932460336999999
-1.8932460336999999
-1.8932460336999999
-1.8932460336999999
-1.8979738101099999
-1.8979738101099999
-1.8993921430329999
-1.8993921430329999
-1.8993921430329999
-1.8998176429098999
-1.89999852290757
-1.899999556872271
-1.8999998670616813
-1.8999998670616813
-1.8999998670616813
-1.8999999601185042
-1.8999999601185042
-1.8999999601185042
-1.8999999601185042
-1.8999999964106653
-1.8999999964106653
-1.8999999964106653
-1.8999999964106653
-1.8999999964106653
-1.8999999996769599
-1.8999999999030879
-1.8999999999030879
-1.8999999999030879
-1.8999999999709263
-1.8999999999709263
-1.8999999999709263
-1.8999999999912778
-1.8999999999973833
-1.8999999999999937
-1.8999999999999937
-1.9
-1.9
-1.9
-1.9
-1.9
-1.9
-1.56220346624155
0.7221347269291507
4.008330507587391
4.994189241784863
5.289946862044105
1.01795197352539
4.087779714518776
1.4129287203470497
4.629152331815987
1.7471528274756065
0.44838102399268165
0.44838102399268165
0.44838102399268165
0.44838102399268165
1.8198375604907548
1.7533438385178652
1.7368666243649618
1.3674836069212963
0.7850586365411263
-1.2047406117175135
-1.2047406117175135
-1.2047406117175135
-1.2047406117175135
-1.2047406117175135
-1.2047406117175135
-1.666088842238595
-1.782129403153004
-1.782129403153004
-1.8997135744496618
-1.8997135744496618
-1.8997135744496618
-1.8997135744496618
-1.1721525007178055
-0.863836465691274
-1.1330625195022321
-1.8992174686327754
-1.8999936614959254
-1.8999936614959254
-1.8999936614959254
-1.8999980984487777
-1.8999980984487777
-1.8999998288603899
-1.899999948658117
-1.899999948658117
-1.899999948658117
-1.899999999875239
-1.899999999875239
-1.899999999875239
-1.899999999875239
-1.8999999999625716
-1.8999999999625716
-1.8999999999887713
-1.9
-1.9
-1.9
-1.9
-1.9
-1.9
-1.9
-1.9
-1.9
-1.9
-1.9
-1.9
-1.9
-1.9
-1.9
-1.9
-1.9
-1.9
-1.9
-1.9
-1.9
-1.9
-1.9
-1.9
-1.9
-1.9
-1.9
-1.9
-1.9
-1.9
-1.9
-1.9
-1.9
-1.9
-1.9
-1.9
-1.9
-1.9
-1.9
-1.9
-1.9
-1.9
-1.9
-1.720090212106398
-1.7152326478313118
-1.887835586290139
-1.786739676504248
-1.1368267438612105
5.59331197927218
10.762325195558464
6.887978639151116
6.138279841880058
5.07222963722275
3.2334250365451283
5.353857867941377
4.540107422865235
4.30429002866473
3.819302671103565
0.08801724221433704
0.08801724221433704
0.08801724221433704
1.4144263742354741
0.6029637383621522
0.6029637383621522
0.6029637383621522
-1.2816556841794107
-1.2816556841794107
-1.2816556841794107
1.144341107197492
11.052836437947388
8.092990719834056
15.300426361530679
5.516764283849712
3.7852527102314717
1.5568610148747672
1.5568610148747672
0.2765938761934762
0.651502235417765
3.766259965329045
2.3973526191548187
1.2877298583061678
0.0874601541569815
1.5497530376562292
0.5567846266316141
1.9569603900661738
1.9569603900661738
1.9569603900661738
3.079992756796864
2.5808444428221473
-0.3550790893709329
-0.33587538343999046
-0.5305187312578715
-0.5342995732658448
-1.0081832684561671
-1.63245498053685
-1.63245498053685
3.5120577561855004
4.185168558395387
-1.3523348297444149
3.2392031586304726
3.7630376082056456
3.429399189089347
4.096112871482482
6.139088502221128
4.69074106835727
2.1402864072797536
2.637686225155361
4.261599285656223
7.777443000065938
9.972397922563157
14.367536332473659
18.038931685277902
15.257536300043807
12.489600306935985
12.163728641568259
11.334718155724131
10.197839837814145
8.397936010387587
8.397936010387587
4.088843912555606
5.326642445832379
5.326642445832379
5.326642445832379
5.326642445832379
6.251093501259367
7.966822577540704
15.556950388088154
16.199202061962627
24.44249260910096
13.580671766653031
22.477296539675216
35.73910839254005
31.139198179320104
27.633619325379563
22.188503161138755
17.9087772963326
17.9087772963326
22.01614870716217
28.968633349305236
27.775293580304208
17.567363012253693
24.085727601972042
30.912197092981295
19.76858572060491
26.087530796153647
25.406119968523484
21.96255637795959
13.7284498700025
18.442160828229774
14.65123038915903
15.740124278645364
15.740124278645364
15.740124278645364
13.737812322870667
13.610304211227017
13.610304211227017
13.610304211227017
13.610304211227017
16.389913533041284
15.405554781708908
15.29554973192065
13.918064762562475
12.85674195767223
12.404524348971131
8.930435792593347
9.781085248083928
9.566791771900206
9.566791771900206
5.963387746645825
5.963387746645825
5.963387746645825
5.963387746645825
5.963387746645825
5.963387746645825
5.963387746645825
5.963387746645825
5.963387746645825
6.367503967297033
3.1686511754337223
3.1686511754337223
5.050924471025656
5.050924471025656
4.645127988114049
4.645127988114049
4.645127988114049
1.724307353668559
1.724307353668559
1.724307353668559
1.548228341346856
-0.15707084926275083
-0.15707084926275083
1.8053290062262786
1.875123932611428
1.875123932611428
1.1367889902407657
1.1367889902407657
0.8421320907537452
0.8421320907537452
0.3173663898280492
-0.47062409348452083
-0.692776821485753
-0.692776821485753
-0.692776821485753
-1.1130036422431202
-1.1130036422431202
-1.1130036422431202
-1.4436399896127667
-1.4436399896127667
-1.810230210291981
-1.810230210291981
-1.810230210291981
-1.810230210291981
-1.8730690630875941
-1.8919207189262781
-1.8975762156778835
-1.8975762156778835
-1.8975762156778835
-1.8975762156778835
-1.8975762156778835
-1.8975762156778835
-1.8975762156778835
-1.8997818594110094
-1.8997818594110094
-1.8999345578233027
-1.8999345578233027
-1.8999345578233027
-1.8999803673469908
-1.899998233061229
-1.899998233061229
-1.8999994699183687
-1.8999994699183687
-1.8999994699183687
-0.8747164428255236
-0.8747164428255236
-1.8997180734501344
-1.8997180734501344
-1.8999154220350403
-0.5340907232515899
-1.4902272169754769
-1.6023442542105282
-1.8919632948636842
-1.8992766965377315
-1.8999349026883958
-1.8999998418135327
-1.8999998418135327
-1.8999999525440596
-1.899999985763218
-1.899999985763218
-1.899999999884682
-1.8999999999654045
-1.8999999999896213
-1.8999999999990658
-1.8999999999997197
-1.8999999999999158
-1.8999999999999977
-1.9
-1.9
-1.9
-1.9
-0.7731936344177106
-1.7538327167732457
-0.7178034858202216
-1.5453410457460663
-1.537906487403601
-0.08745522692177254
-1.8807226831687605
0.6451818024895455
0.6451818024895455
0.6451818024895455
-0.9329295977533121
0.3014031742373551
-0.2494242427751261
-0.2494242427751261
-0.41467246787887047
-0.7858787158608251
-1.8076239593286625
-1.8076239593286625
-1.376986532875708
-1.7430959598627123
-1.7430959598627123
-1.895763590916293
-1.8998856169547398
-1.8998856169547398
-1.8998856169547398
-1.8998856169547398
-1.8998856169547398
-1.899965685086422
-1.8999999924953284
-1.8999999924953284
-1.8999999977485984
-1.8999999993245795
-1.8999999993245795
-1.8999999993245795
-1.899999999994529
-1.899999999994529
-1.899999999994529
-1.8999999999983586
-1.8999999999995074
-1.8999999999995074
2.8193919766084283
11.27482497205232
6.812100525678028
9.538357454505336
4.164152940969762
10.327149553911884
7.894409226067754
16.3813813323477
17.078174167189687
20.93642148349258
16.93553391225386
29.644622410818
28.241195332002885
30.69956725235928
36.51266450338469
24.13964759698774
24.13964759698774
24.13964759698774
31.1893851595959
36.03213816970352
29.67481824638237
37.75242651168969
37.64034546072203
38.34590214897571
40.88343239815216
35.31599783965858
31.79970607007775
28.748600772218467
28.748600772218467
28.748600772218467
28.748600772218467
25.14985470027877
25.14985470027877
23.03353019205687
23.03353019205687
23.03353019205687
23.03353019205687
29.220909592117124
26.773218954119276
24.53640361295617
23.799406466069023
20.89109917019127
20.89109917019127
21.861761609435014
19.631438296774565
15.265726697129098
15.265726697129098
15.265726697129098
15.265726697129098
15.265726697129098
15.265726697129098
20.42331103929936
20.42331103929936
13.95889622084323
13.95889622084323
13.95889622084323
13.95889622084323
16.051644095790802
13.6893494856465
13.052153102219632
13.052153102219632
13.052153102219632
11.842268580662363
11.842268580662363
9.597366065673903
9.597366065673903
9.058393747917558
6.251256243951307
7.4667898899996
7.256797975984603
9.351867952720694
9.351867952720694
10.952359321017756
13.136385626813276
11.592794839351601
11.624637387007029
9.589989697193662
9.550467763650525
7.832661369894731
7.832661369894731
7.832661369894731
7.832661369894731
6.842388487607749
6.842388487607749
4.641766157836379
4.641766157836379
4.641766157836379
4.641766157836379
5.27373870337941
2.712837679506267
2.712837679506267
2.712837679506267
1.5452422760233802
1.4060510855349961
1.4060510855349961
3.8324549045323932
6.147407381354041
6.8026559560743864
6.8026559560743864
3.709458558751381
4.992546717039135
1.5388486980333396
1.5388486980333396
2.952115003690121
2.8259966499003606
0.7320789151422031
0.7320789151422031
0.7320789151422031
-0.8441875251900013
-0.8441875251900013
0.15443152479032773
0.15443152479032773
1.3099394523602235
1.5538720125696388
1.5688641093503357
-0.6798510141255749
-1.7113955261633251
-1.7113955261633251
-1.7113955261633251
-1.7113955261633251
-1.7113955261633251
-1.7580952438413444
-1.8574285731524032
-1.8574285731524032
-1.8574285731524032
1.2850970530094823
1.2850970530094823
2.6002981431350554
0.2938828228332336
0.4930443164838568
0.4930443164838568
-0.24146878567001318
-0.24146878567001318
-1.518906548352905
-1.518906548352905
-1.518906548352905
2.074312330820095
2.074312330820095
2.622486855975192
2.622486855975192
0.9207274544454893
0.9207274544454893
0.12413573835265201
-1.2822670432233596
-1.2822670432233596
-1.2822670432233596
-1.2822670432233596
5.883454525053775
8.436443395772631
5.458794660126708
6.45037913805598
6.45037913805598
6.150935632020276
4.4245514066517035
2.3496512536062646
2.3496512536062646
2.3496512536062646
2.3496512536062646
0.3621971237837871
0.3621971237837871
0.3621971237837871
1.255333370641079
0.30627441988156495
0.04671950382821333
-0.2926460950902825
-0.414609540090287
-1.0869051354076036
-1.524243680742187
-1.524243680742187
-1.524243680742187
2.6866849705033626
-1.5772944841934708
-1.5772944841934708
-1.5772944841934708
-1.5772944841934708
-1.8153186259118292
-1.8153186259118292
-1.8153186259118292
-1.8745955877735487
-1.8997942242609658
-1.8999382672782896
-1.8999382672782896
-1.8999382672782896
-1.8999382672782896
-1.8999382672782896
-1.8999382672782896
-1.8999382672782896
-1.8999382672782896
-1.8999382672782896
-1.8999382672782896
-1.8999382672782896
1.7134427056055725
1.7134427056055725
1.7134427056055725
-1.5032764682637416
-1.7809829404791224
-1.7400738396019066
-1.8856066455641716
-1.899965024148721
-1.899965024148721
-1.899965024148721
-1.899965024148721
-1.899965024148721
-1.899965024148721
-0.9782550988874767
-1.623476529666243
-1.623476529666243
-1.6674764882975353
-1.6674764882975353
-0.4227488348388938
0.5483631784914599
0.5483631784914599
0.5483631784914599
-1.8990455137945146
-1.8990455137945146
-1.8997136541383544
-1.8999140962415062
-1.8999742288724517
-1.8999976805985206
-1.8999976805985206
-1.8999976805985206
-1.8999976805985206
-1.8999976805985206
-1.8999976805985206
-1.8999999812128479
-1.8999999943638544
-1.8999999943638544
-1.8999999994927468
-1.8999999998478239
-1.8999999998478239
-1.899999999986304
-1.899999999986304
-1.8999999999958912
-1.8999999999958912
-1.8999999999999666
-1.8999999999999666
-1.8999999999999666
-1.89999999999999
-1.899999999999999
-1.899999999999999
-1.8999999999999997
-1.9
-1.9
-1.9
-1.9
-1.9
-1.9
-1.9
-1.9
-1.9
-1.9
-1.9
-1.9
-1.9
-1.9
-1.9
-1.9
-1.9
-1.9
-1.9
-1.9
-1.9
-1.9
-1.9
-1.9
-1.9
-1.9
-1.9
-1.9
-1.9
-1.9
-1.9
-1.9
-1.9
-1.9
-1.9
-1.9
-1.9
-1.9
-1.9
-1.9
-1.9
-1.9
-1.9
-1.9
-1.9
-1.9
-1.9
-1.9
-1.9
-1.9
-1.9
-1.9
-1.9
-1.9
-1.9
4.357783060329201
5.4996620565551515
5.842225755422937
4.106909719678107
2.657216458286955
2.062445617828534
0.840753600283402
0.840753600283402
0.840753600283402
2.8526305317112444
7.550824515886779
7.725191853446123
3.0798005012618668
3.7916331203341604
5.279093400854444
6.467261105579237
5.411006985765749
6.866869992302637
6.866869992302637
4.722549377697381
4.722549377697381
5.436285258266716
3.9326435911707818
3.9326435911707818
3.9326435911707818
3.031492486220594
2.823572530412291
2.823572530412291
-0.21079980752479777
-0.21079980752479777
0.3522595553280238
0.5168817547075226
0.5168817547075226
-0.32935261110209735
-1.0860373544448736
-1.0860373544448736
-1.0860373544448736
-1.0860373544448736
-1.1928987740885908
-1.8485250868337186
-1.8485250868337186
-1.8280306576793532
-1.8280306576793532
-1.8280306576793532
-1.3811583468419353
-1.8258913741106706
-1.8258913741106706
-1.8258913741106706
-1.877767412233201
-1.8933302236699603
-1.897999067100988
-1.897999067100988
-1.8993997201302963
-1.8999985413199165
-1.8999998687187925
-1.8999999606156377
-1.8999999881846912
-1.8999999881846912
-1.8999999881846912
-1.8999999881846912
-1.6871425949155168
-1.836142778474655
-1.836142778474655
-1.8808428335423963
-1.894252850062719
-1.8982758550188157
-1.8982758550188157
-1.8843876807646605
-1.8953163042293981
-1.8844897294875438
-1.8466939068763901
-1.895202451618875
-1.8985607354856624
-1.8995682206456987
-1.8998704661937096
-1.8999611398581129
-1.8999999915012868
-1.8999999999981412
-1.8999999999981412
-1.8999999999981412
-1.8999999999994424
-1.8999999999998327
-1.8999999999999848
-1.8999999999999848
-1.8999999999999955
-1.8999999999999955
-1.8999999999999955
-1.8999999999999997
-1.9
-1.9
-1.9
-1.9
-1.9
-1.9
-1.9
-1.9
-1.9
-1.9
-1.9
-1.9
-1.9
-1.9
-1.9
-1.9
-1.9
-1.9
-1.9
-1.9
-1.9
-1.9
-1.9
-1.9
-1.9
-1.9
-1.9
-1.9
-1.9
-1.9
-1.9
-1.9
-1.9
-1.9
-1.9
-1.9
-1.9
-1.9
-1.9
-1.9
-1.9
-1.9
-1.9
-1.9
-1.9
-1.9
-1.9
-1.9
-1.9
-1.9
-1.9
-1.9
-1.9
-1.9
-1.9
-1.9
-1.9
-1.9
-1.9
-1.9
-1.9
-1.9
-1.9
-1.9
-1.9
-1.9
-1.9
-1.9
-1.9
-1.9
-1.9
-1.9
-1.9
-1.9
-1.9
-1.9
-1.9
-1.9
-1.9
-1.9
-1.9
-1.9
-1.9
-1.9
-1.9
-1.9
-1.9
-1.9
-1.9
-1.9
-1.9
-1.9
-1.9
-1.9
-1.9
-1.9
-1.479496833902179
-1.479496833902179
-1.479496833902179
-1.5888874293305801
-1.5888874293305801
-0.4301516479484726
-0.37352786789557907
-1.6027959528694922
-1.6027959528694922
-1.8975926472182427
-1.8975926472182427
-1.8975926472182427
-1.8975926472182427
-1.8975926472182427
-1.8992777941654728
-1.8992777941654728
-1.8992777941654728
-1.8997833382496419
-1.8999350014748926
-1.2605590991394455
-1.7604855582518644
-1.7604855582518644
-1.8962331100728003
-1.8996609799065518
-1.242361724759078
-1.242361724759078
1.6832078953181684
1.6832078953181684
2.2714738512659594
2.011770626933897
3.222165143921817
3.222165143921817
3.222165143921817
3.222165143921817
4.957875391584985
1.2445005258085933
1.2445005258085933
2.628254973944357
2.5708166152765264
2.1530721068170235
1.9512134615137706
1.9512134615137706
1.9512134615137706
1.8485514336193412
1.5252153544943394
1.7207520015135118
1.7207520015135118
4.306883172351062
1.5590978308781165
1.5590978308781165
1.5590978308781165
1.5590978308781165
3.898476061809448
0.15742422994014538
-0.7283948006788437
-0.7283948006788437
-0.7283948006788437
-0.7283948006788437
-0.7283948006788437
2.9086875003509447
0.25491333971354324
0.5767544309302686
0.8477724432950995
-0.36677877463827224
-0.36677877463827224
-1.3266280165094666
-1.72798840495284
-1.72798840495284
1.8436148617474082
0.255550650107198
0.255550650107198
1.9245341438525234
2.892407225467213
3.730308187554087
1.263076553982491
1.263076553982491
0.7825933144184367
1.1353441866130431
1.1353441866130431
12.106639485158095
8.05062891974067
8.05062891974067
6.962103718116414
3.4551767340936665
18.10676631615046
18.10676631615046
18.633505220993012
14.650600426301189
17.625546056757685
13.290229744040948
19.63837577581238
19.63837577581238
27.724495619630865
30.351957638183116
20.223050207604736
21.006082260509118
22.12850549493247
24.364272884160982
23.45696909396637
24.35970770953833
24.496768835522843
22.059303741643856
23.54321506636804
26.019473076283603
21.927526971748616
22.218938670039876
20.7694635889412
19.791184926818875
16.76869884735708
16.76869884735708
16.16173674955324
22.43154426940292
22.43154426940292
