-0.96
-0.96
-0.96
-0.96
-0.992
-0.992
-1.5744000000000002
-1.5744000000000002
-1.833728
-1.833728
-1.8867456
-1.8867456
-1.8867456
-1.8994698239999999
-1.8998939648
-1.8998939648
-1.8998939648
-1.8999787929599998
-1.899995758592
-1.8999991517183998
-1.8999991517183998
-1.899999966068736
-1.899999966068736
-1.8999999986427494
-1.8999999986427494
-1.8999999986427494
-1.8999999986427494
-1.9
-1.9
-1.9
-1.9
-1.9
-1.9
-1.9
-1.9
-1.9
-1.9
-1.9
-1.9
-1.9
-1.9
-1.9
-1.9
-1.9
-1.9
-1.9
-1.9
-1.9
-1.9
-1.9
-1.9
-1.9
-1.9
-1.9
-1.9
-1.9
-1.9
-1.9
-1.9
-1.9
-1.9
-1.9
-1.9
-1.9
-1.9
-1.9
5.345850927376089
-0.3584548587255991
-1.7470359358941596
-1.4030051913579356
24.771423397141255
30.695234615265182
28.638476826686624
28.91490463075
28.91490463075
31.30515499702404
32.33841199714987
29.497744385518253
30.460292163517078
31.364102821630425
26.373022504755166
24.82879256246097
24.101366135316493
16.89386817171993
16.89386817171993
16.89386817171993
20.41723134819643
19.6449014446644
28.05027416468346
28.05027416468346
28.05027416468346
26.423404612400184
27.055431978399128
29.45100715676285
20.681902993596726
20.681902993596726
19.140779537215558
32.69623778626833
32.69623778626833
38.376582580850105
39.101677831180744
33.141735581370774
31.08191924441714
19.514031355913744
19.514031355913744
19.514031355913744
33.98692579455555
33.98692579455555
27.77339047303045
27.77339047303045
23.839157693923184
23.839157693923184
26.691503426644196
26.691503426644196
26.691503426644196
21.290938416710414
21.290938416710414
21.290938416710414
23.10430217035308
23.19384931447199
22.402873677158123
20.211096198733006
17.097050975071596
17.097050975071596
17.097050975071596
17.097050975071596
18.39300900278185
13.12960488546327
14.96481268979862
14.427978950158735
13.700133912655835
13.700133912655835
11.294613406418048
11.294613406418048
14.672996788674768
13.406452137964262
10.752852008014283
10.752852008014283
10.752852008014283
11.004528791779718
9.249453445140716
9.249453445140716
9.249453445140716
7.721818682496234
7.721818682496234
7.721818682496234
7.721818682496234
10.931215903198627
10.29980261373083
10.29980261373083
10.29980261373083
10.29980261373083
7.41641926629251
4.263607802383545
4.263607802383545
8.73553188089505
5.857754183989569
5.304165482650497
2.7216669301714744
2.7216669301714744
9.838366468194712
13.09545624907747
13.09545624907747
7.944060964170089
7.944060964170089
7.944060964170089
5.940271205717014
5.940271205717014
5.940271205717014
5.940271205717014
2.667443070435924
2.667443070435924
2.667443070435924
2.667443070435924
2.667443070435924
2.667443070435924
2.199674073221197
2.199674073221197
3.720362667927847
3.297092805358517
3.297092805358517
3.416709936756013
3.5751557587750415
3.451755881172174
3.451755881172174
0.6567411884613943
0.6567411884613943
-1.2731421440084851
-1.2360607450514873
-1.2360607450514873
-1.2360607450514873
1.600921020029864
2.1683173730461345
2.068098929035382
-0.029564973567703934
1.3507238256330936
1.2046876883806659
-0.8076389905435368
-0.8076389905435368
-0.8076389905435368
-0.8076389905435368
-0.8076389905435368
-0.8076389905435368
-0.8076389905435368
-0.8076389905435368
-0.4691976675809082
-0.8323711726708023
-0.849851941893905
-1.8860415908194608
-1.8860415908194608
-1.8860415908194608
-1.8998883327265557
-1.899977666545311
-1.899977666545311
-1.899977666545311
-1.899977666545311
-1.899977666545311
-1.8999955333090621
-1.8999955333090621
-1.8999999997141317
-1.8999999997141317
-1.8999999997141317
-1.8999999997141317
-1.8999999999428263
-1.8999999999428263
-1.8999999999428263
-1.899999999997713
-1.899999999997713
-1.899999999997713
-1.8999999999995425
-1.8999999999999084
-1.8999999999999817
-1.269903983043103
-1.7298993403340708
-1.8931959736133628
18.617117935620637
16.925985971936576
5.643545603684565
5.016616464839073
4.374732486970366
4.374732486970366
3.1094108091663744
1.2403462912606904
0.8145261227927696
0.8145261227927696
0.8780459386133588
7.70460792635932
7.70460792635932
5.296301642638049
5.296301642638049
5.296301642638049
5.296301642638049
12.579084455148312
29.2366693361276
35.64907309504642
37.94788444708435
30.877600696704548
29.27158884106961
28.243448664599647
30.110501019110217
28.34211048061766
22.349473917325742
23.203564794205732
33.68863398977802
33.68863398977802
33.68863398977802
20.998834714298585
19.45396735971559
18.388976829546625
18.14653345771978
25.877162084530646
27.423287809892816
27.423287809892816
29.10969800765066
19.984149138835786
19.984149138835786
19.984149138835786
19.984149138835786
18.67064829152718
16.13497539535059
16.13497539535059
16.13497539535059
16.13497539535059
16.13497539535059
18.816043517681948
18.816043517681948
18.816043517681948
22.19389624982694
20.158689318579682
15.50459498259823
15.50459498259823
16.270462127241117
15.900218471737103
23.56893845241361
10.143565919448443
10.143565919448443
16.978967734038825
16.978967734038825
42.05199992039277
20.718062944585398
20.718062944585398
18.260617909018567
18.260617909018567
27.384657838020576
21.596148756725217
24.015891657254326
21.078497241215924
23.098948217668404
13.737074820929783
13.737074820929783
13.737074820929783
15.838383890239692
9.719283898105989
9.719283898105989
12.055070634160707
8.569752519959026
10.297032121170602
7.31852263794348
7.31852263794348
7.31852263794348
7.31852263794348
6.570210601269221
6.570210601269221
6.570210601269221
8.377523668236417
20.031029692524218
18.707248188322733
17.40580707955697
12.694808082694918
7.7501203282246465
7.7501203282246465
6.457127354598843
6.457127354598843
11.360542733366106
11.729302261076203
10.246760622424183
7.169817632040071
10.6992443984367
9.46213517642331
3.352774540311927
3.352774540311927
3.352774540311927
3.352774540311927
3.352774540311927
4.456004997564227
6.666478047437012
6.147589016608735
3.791223230605781
1.141294386375556
1.141294386375556
0.7186000446299088
3.0795916698656676
0.6036188889418839
0.39318059982055564
0.39318059982055564
0.39318059982055564
0.39318059982055564
-1.4396484587131881
-1.4396484587131881
-1.4396484587131881
-1.4396484587131881
-1.4396484587131881
-1.4396484587131881
-1.4396484587131881
-1.4396484587131881
19.673309736982922
19.673309736982922
16.331934743818714
11.721450258276374
14.741562848077404
12.29982073961062
12.29982073961062
8.458139848076087
8.458139848076087
11.531427317203613
7.749703580378891
7.749703580378891
9.839775386079564
6.083236586537944
6.083236586537944
6.083236586537944
6.083236586537944
6.083236586537944
6.083236586537944
6.083236586537944
6.083236586537944
6.083236586537944
6.576961269930908
6.576961269930908
6.576961269930908
5.539632159041921
5.539632159041921
5.539632159041921
5.539632159041921
5.539632159041921
5.539632159041921
5.539632159041921
5.539632159041921
4.296461586318568
3.5636700113273525
3.5636700113273525
4.309574649359096
7.33164074177769
7.573522659351747
7.573522659351747
7.573522659351747
4.188276254689853
4.188276254689853
4.188276254689853
1.0591813576990936
3.516884218252995
3.9761374557230607
2.77661962375907
2.77661962375907
3.15804007407053
2.3122962620759067
1.7589298052821554
1.5662560641286525
1.256668080608657
1.256668080608657
-0.30521856759595156
-0.30521856759595156
-0.30521856759595156
-0.30521856759595156
-1.5810437135191904
-1.5810437135191904
4.481905381510488
8.981540864193517
8.981540864193517
8.981540864193517
2.6781714909665695
7.111893041143517
23.643607638766667
8.057267373651717
8.057267373651717
8.057267373651717
8.057267373651717
8.057267373651717
8.057267373651717
8.057267373651717
8.057267373651717
8.057267373651717
8.057267373651717
8.057267373651717
8.057267373651717
8.057267373651717
8.057267373651717
8.057267373651717
8.057267373651717
8.057267373651717
7.489529964363088
7.489529964363088
8.334301532370375
6.6048048011656135
6.6048048011656135
6.6048048011656135
19.83043477012052
22.4755607639115
21.25599745855786
9.97357047586428
9.97357047586428
7.139042667689381
7.139042667689381
7.139042667689381
14.936067848178654
7.962188899338212
12.064200293057636
10.46783378376458
8.611469488029604
4.82112162759758
4.82112162759758
6.648214693089544
7.271680863371263
5.449249103561831
4.805153515677255
4.805153515677255
2.8722546399172817
6.55300681504052
4.956307252540782
4.7571008229350955
10.75652312468455
11.20352596653228
5.739404278779331
5.739404278779331
5.739404278779331
7.435537255617946
6.040694275168511
7.5248219441198625
9.34554503826838
12.377016253846357
17.51395503680385
21.34791745129085
24.680027753052546
21.456826007268795
20.03426089688483
15.492085956442198
12.581157475269746
11.434938647002369
11.446417150803695
8.631556641866457
8.631556641866457
8.631556641866457
11.33942536687359
11.637410189988598
11.6970071546116
8.8063217627034
8.8063217627034
5.047926883980324
5.047926883980324
6.081777527697874
4.4301945143790205
4.4301945143790205
4.4301945143790205
4.4301945143790205
4.4301945143790205
3.043274722854044
3.043274722854044
3.043274722854044
3.043274722854044
2.6068446770348555
0.09760191523227832
0.09760191523227832
1.200131384793552
-0.4598795129987263
-0.4598795129987263
2.0534361476805234
1.4186942094885244
-1.3894470759909696
-1.3894470759909696
-1.797889415198194
-1.797889415198194
-1.8795778830396388
-1.8795778830396388
-1.497244155428786
0.07785811880019744
1.0689080006271732
0.11498903943275818
0.11498903943275818
-1.6388748691624877
-1.8979109989532998
-1.8979109989532998
-1.89958219979066
-1.6291417393872114
-1.6291417393872114
-1.6291417393872114
9.82142414403214
9.444315856312981
11.086362493008593
12.26503423753947
13.270800973574815
14.28703513351296
11.95455270430504
11.95455270430504
11.95455270430504
11.95455270430504
16.805880936820397
15.169704798487707
12.859940703795965
12.859940703795965
11.194325299434299
7.334162981717766
9.373128588352143
9.373128588352143
7.2370472595508
7.2370472595508
5.32292630238044
7.309788888012618
11.088524697958473
9.52193799224988
8.307273264536564
8.307273264536564
11.618223090543431
24.88529893800235
44.190531688699394
30.440653837473768
30.963525512811255
30.963525512811255
12.327136099284527
26.24361612506148
28.288730705064317
28.288730705064317
24.600943993363725
23.625573671309795
23.625573671309795
16.806970317724627
16.806970317724627
17.088585474356975
17.088585474356975
25.893495920390055
19.194513981299945
35.210405553363984
27.300523031521813
37.66136832010761
37.66136832010761
28.811275180356088
35.43062933379196
35.43062933379196
35.43062933379196
30.888515744012448
29.49714272608772
24.260698256126027
24.260698256126027
28.818083646639035
26.100147706006137
26.2015572579468
28.505034219384868
24.65399258059102
29.378899076294736
30.43258425632871
30.43258425632871
30.43258425632871
23.89134792074533
23.89134792074533
23.997349608376144
14.967930577494373
14.967930577494373
31.222875644959977
31.575521496096208
28.27249894941178
27.611894440074895
27.611894440074895
24.506510280179675
24.506510280179675
24.506510280179675
25.01456414058466
19.64772598216814
19.64772598216814
20.799237726984618
20.799237726984618
26.340253160775738
26.340253160775738
23.43666634152582
17.61879173586722
17.876751342008554
17.876751342008554
11.149134688955009
11.149134688955009
16.137265724748612
16.137265724748612
12.811983212385279
16.878453034177838
11.006765896853672
11.232896947224955
9.93084961948236
16.987598448197147
6.383253271325595
6.383253271325595
6.383253271325595
6.383253271325595
9.892805987627264
16.35195569217039
13.761923661804154
29.226270662052187
36.324607991928175
29.87483488174066
25.552497266114607
20.538312601800225
18.704442582042535
17.294476613099626
17.294476613099626
15.295175652871338
15.109048256254201
8.844998030219577
14.05915526832685
14.05915526832685
11.361512797174681
11.361512797174681
11.361512797174681
11.361512797174681
11.110067765716202
9.12456977658455
9.12456977658455
9.12456977658455
9.12456977658455
9.12456977658455
7.03651211936289
7.3821420644334115
7.3821420644334115
7.3821420644334115
7.3821420644334115
9.029646115621038
4.068655750597393
4.068655750597393
4.068655750597393
4.068655750597393
6.470788396599788
4.570127116860846
5.456962436292261
5.456962436292261
4.322810174619354
3.1194748960450127
3.1194748960450127
4.291336696112233
2.861364441122884
2.861364441122884
2.861364441122884
2.861364441122884
2.0416743380271947
4.355816273546324
5.261340171234044
4.325603170636814
6.44977116856318
6.032670677670272
1.98680368568399
1.98680368568399
6.672040966833773
5.716725760737744
2.823406457791444
7.477169412103217
4.951605856636732
1.9360819232726776
7.936402093276716
4.4316192987179335
2.7006216730587074
3.789814796277499
5.520563025707326
0.6195941371351532
0.6195941371351532
0.6195941371351532
0.6195941371351532
0.6195941371351532
8.790090669551088
8.790090669551088
0.48483119205924297
0.48483119205924297
6.147430089802608
4.691231417919347
5.3124596025745205
5.3124596025745205
5.783116411871199
1.9743366750945088
1.9743366750945088
5.37432595156858
20.270158611130658
11.287939623480874
22.41364126074098
22.185992315598885
15.079125120314794
29.670801755949856
28.747390948437204
38.803677814118814
46.169686325523884
30.32102150987986
30.32102150987986
30.32102150987986
30.32102150987986
30.32102150987986
34.62075857440359
46.593967075991706
60.25860278203585
48.19316280702904
45.639088082175505
48.416814337914914
44.9558962466994
36.105186564218414
36.8334719970866
40.052762766642225
30.840029320195214
36.91281966584553
35.224618183588234
46.06743668746336
44.47419934417873
40.11626339664443
41.20927446753106
40.042776103127785
39.05013173195537
26.881493279299548
35.721925228763986
35.721925228763986
24.380811096360183
24.380811096360183
24.380811096360183
24.380811096360183
33.14157344131865
20.42589414884856
20.42589414884856
20.42589414884856
20.42589414884856
20.42589414884856
28.50837322668717
32.43892584263009
32.79418335180511
24.172089434913637
24.172089434913637
21.438322280120545
32.7009258115568
37.65878099801403
45.400823270144954
22.483354472761626
22.483354472761626
35.73235185709926
26.51454348761964
37.80441582930395
54.89620509899524
54.58180424618874
55.633084555040625
53.83311759682152
53.83311759682152
35.93599789556853
35.93599789556853
32.88465595806083
32.88465595806083
32.88465595806083
32.88465595806083
32.88465595806083
32.88465595806083
45.42805989816645
38.06437232198919
38.06437232198919
32.864304022213446
40.82694995925808
42.403092593278494
30.964813633043235
30.964813633043235
25.114726314025592
25.114726314025592
25.114726314025592
26.27870890103371
23.99987110125756
19.823865936189655
19.823865936189655
17.437956661294482
14.122871705463664
17.154648808025232
16.79602197943503
16.79602197943503
15.748572682120301
13.827871797950632
13.827871797950632
13.827871797950632
12.465855634492655
12.04892189376726
12.04892189376726
12.68405639507453
12.68405639507453
13.064360487746661
13.064360487746661
30.454054728000596
23.563745806548386
14.689653650539514
27.766281906856037
27.766281906856037
17.299258090122834
17.299258090122834
17.299258090122834
17.299258090122834
17.299258090122834
33.62436316618927
33.62436316618927
33.62436316618927
24.811375117450996
24.811375117450996
24.811375117450996
24.811375117450996
24.811375117450996
48.05376603545089
48.05376603545089
48.05376603545089
38.323058741263864
38.323058741263864
38.323058741263864
31.67247865630118
20.807579302631424
20.807579302631424
29.085642607947623
27.675004718492573
32.01083974515594
30.99334192082217
30.130182995540125
41.243587240677925
38.61582889866422
38.61582889866422
38.31355309224178
44.98116309770203
31.816952227779048
31.816952227779048
31.816952227779048
30.956069152757802
27.679583620537176
27.679583620537176
27.679583620537176
44.610975994969806
41.63202583772249
47.222718732861445
35.587861934115516
46.27113727951014
34.835856435878945
34.835856435878945
29.127476611295812
29.127476611295812
32.595735112219806
27.918305974172593
27.918305974172593
36.78518146651855
23.510706883053476
23.510706883053476
33.11183867524467
22.258906692307256
22.258906692307256
22.258906692307256
22.258906692307256
22.258906692307256
22.258906692307256
22.258906692307256
22.258906692307256
22.258906692307256
22.258906692307256
28.885347172328114
23.915569418615803
23.915569418615803
23.915569418615803
23.915569418615803
23.915569418615803
28.782247710345263
28.13544092386768
14.390855451979679
14.390855451979679
19.785928122155987
19.785928122155987
14.65248526186917
14.65248526186917
14.65248526186917
14.65248526186917
21.36385990358764
15.34405111874566
15.34405111874566
19.666847860963628
19.666847860963628
19.666847860963628
18.24699322331939
13.095869281855164
13.095869281855164
13.095869281855164
13.095869281855164
9.51367973080154
9.51367973080154
9.51367973080154
9.51367973080154
10.516756399740146
16.293550997793353
15.51458724766532
15.51458724766532
15.03136328167235
12.867719647275594
12.500562037387585
10.396718024620869
10.396718024620869
10.954014855591819
6.684047721067419
8.787675036555353
5.292079607078945
5.292079607078945
11.429920880969213
13.066681376735353
8.592113178333697
11.324385319996782
9.754868456624237
10.900021165898066
10.900021165898066
10.645379179494219
10.645379179494219
8.07203117422699
9.951851000166409
9.683036483734588
10.515395847661681
10.153568507309979
10.41466804277621
10.41466804277621
10.41466804277621
10.41466804277621
18.433538527206117
26.20927914280778
40.33677987368141
39.57789687437321
44.64519457328073
45.29621159236267
26.792877022508375
25.26079844232745
24.954382726291264
19.13820630391495
22.673951620934464
17.454586950118443
17.454586950118443
17.454586950118443
17.454586950118443
25.842252125616497
25.842252125616497
41.39462453391753
41.39462453391753
46.98539333375205
43.48229890123423
49.72653889038941
38.56676761985304
32.43130856676517
18.995229251655587
18.995229251655587
18.133876573791806
29.31058274733523
31.458020524619585
24.109438759723478
