-0.9
-0.9
-0.9
-1.8009
-1.8009
-1.8009
-1.80909
-1.8990909
-1.8990909
-1.8990909
-1.8990909
-1.8990909
-1.8990909
-1.8990909
-1.8990909
39.487805265620274
39.487805265620274
39.487805265620274
39.487805265620274
50.81352096260526
55.83779997158813
55.83779997158813
55.83779997158813
46.40674842269262
46.40674842269262
32.671269406915584
32.671269406915584
24.42714687587634
24.389445318527155
24.389445318527155
22.242625802032165
22.242625802032165
22.242625802032165
22.242625802032165
18.50906694192904
18.50906694192904
18.50906694192904
18.50906694192904
18.50906694192904
14.772303415067581
14.772303415067581
10.616089553474211
10.616089553474211
9.66545642285805
9.66545642285805
9.66545642285805
9.66545642285805
10.941586380492916
10.941586380492916
10.941586380492916
11.032151136266538
11.076785608720588
11.076785608720588
11.076785608720588
11.076785608720588
11.076785608720588
11.076785608720588
11.076785608720588
41.28456086473201
41.28456086473201
41.28456086473201
41.28456086473201
41.28456086473201
41.28456086473201
41.28456086473201
41.28456086473201
41.28456086473201
58.48510008539945
54.26006449687638
54.26006449687638
59.90090142678574
60.7249077888619
59.03717617132104
59.03717617132104
54.772518809729085
45.527509216239345
45.527509216239345
45.527509216239345
45.527509216239345
46.60656977160337
36.61596302771912
36.61596302771912
36.61596302771912
73.29183111912937
60.149389870478394
60.149389870478394
60.149389870478394
58.61367183974708
61.30339557075064
54.08351873323653
54.08351873323653
50.8082555333806
53.66951295411316
53.66951295411316
53.66951295411316
53.66951295411316
53.66951295411316
53.66951295411316
53.66951295411316
53.66951295411316
52.08540160909379
53.109531118302634
46.60032933906698
46.60032933906698
59.19643605919801
40.71330569922955
40.71330569922955
40.71330569922955
40.71330569922955
40.71330569922955
40.71330569922955
40.71330569922955
49.308870232344766
47.54567267040237
47.635074950168494
48.487479661885544
48.487479661885544
35.551104345706214
35.551104345706214
35.551104345706214
35.551104345706214
35.551104345706214
35.551104345706214
35.551104345706214
31.15043146156222
31.15043146156222
31.15043146156222
31.15043146156222
31.15043146156222
31.15043146156222
44.53210925894311
41.73453623137047
44.51238920084183
34.21783183638975
40.0419831796394
38.80321848217543
27.131731177478073
27.131731177478073
19.951215684738216
37.006175238603944
34.69785265824091
27.833433973797533
27.833433973797533
27.833433973797533
27.833433973797533
31.81748972621235
26.2258166416865
26.2258166416865
26.2258166416865
30.45102926575466
29.520591035066467
29.520591035066467
29.427547211997645
18.86789675297025
18.86789675297025
23.346576993608686
23.346576993608686
13.043747868208765
13.043747868208765
13.043747868208765
17.297918434853287
17.334851239558937
12.927969907871136
12.927969907871136
12.927969907871136
12.927969907871136
12.927969907871136
11.70918029816864
9.460262727521263
9.460262727521263
9.460262727521263
10.31974902576208
10.31974902576208
4.794923988184191
4.794923988184191
3.889104446248132
3.889104446248132
3.889104446248132
8.667282862073808
4.163841447449701
3.376840312502436
3.376840312502436
3.376840312502436
3.376840312502436
8.565046045207216
9.922822141226106
9.914596795451121
9.914596795451121
4.84855215395816
4.84855215395816
6.968141082561453
7.153477128634841
7.164963311591133
3.4218285808350988
3.4218285808350988
4.231784806739425
5.7645836817047975
5.603837895864512
5.5374585094834465
5.5374585094834465
4.272883846054611
4.272883846054611
2.3719158924703585
-0.12146320488907003
-0.12146320488907003
-0.12146320488907003
-0.12146320488907003
-0.12146320488907003
-0.12146320488907003
-0.12146320488907003
17.690683786689416
15.197313948936374
10.315733670422528
10.315733670422528
10.315733670422528
8.83314553825952
8.247010922290146
8.247010922290146
26.4927302101241
25.37865096545655
25.37865096545655
25.37865096545655
24.01430302191722
15.591555621986188
15.591555621986188
36.03785245297363
22.11073246577087
22.11073246577087
21.117282280361277
21.117282280361277
21.117282280361277
21.117282280361277
21.117282280361277
21.117282280361277
21.117282280361277
21.117282280361277
21.47761178094403
18.71034708604653
18.71034708604653
14.03941209897981
14.03941209897981
14.03941209897981
14.03941209897981
14.03941209897981
14.03941209897981
14.03941209897981
14.03941209897981
14.03941209897981
22.909532679311347
17.15837351004364
11.14291897972706
11.14291897972706
15.807718798685183
18.745928318548355
19.039749270534674
13.966373567781256
13.966373567781256
13.966373567781256
13.966373567781256
13.966373567781256
12.20550817911785
12.20550817911785
7.296436975573549
7.296436975573549
7.296436975573549
7.296436975573549
7.296436975573549
9.276213197041324
4.988250036470431
4.988250036470431
4.988250036470431
4.988250036470431
4.988250036470431
4.988250036470431
4.988250036470431
4.988250036470431
4.988250036470431
4.988250036470431
9.33061983233477
11.094403880644704
8.748022173752833
3.73261259665142
3.73261259665142
3.73261259665142
3.73261259665142
18.091061727729368
18.091061727729368
18.091061727729368
18.091061727729368
9.945593027563765
9.945593027563765
7.543283926401362
7.543283926401362
7.543283926401362
7.543283926401362
10.154193256754562
7.011896883049255
7.011896883049255
2.8667551286334527
2.8667551286334527
2.8667551286334527
2.8667551286334527
2.8667551286334527
2.8667551286334527
2.8667551286334527
5.199229919268555
5.199229919268555
5.199229919268555
5.199229919268555
3.465810683293208
3.465810683293208
1.2242758942676912
2.1102156356773287
11.350650229745707
4.897998898898248
6.4597122975095855
3.25277153494606
3.25277153494606
3.25277153494606
-0.4952517738239677
-0.08183707770954224
-0.08183707770954224
-0.08183707770954224
-1.718183707770954
-1.718183707770954
-1.718183707770954
2.209778008605979
7.150193346945358
2.1105206346840326
3.0015688951027966
2.5358351663582033
1.407610001385965
1.407610001385965
-0.44693893667661366
-0.44693893667661366
-1.5194823752256137
-1.5194823752256137
-1.5194823752256137
0.026870536933427003
-0.6933575575211071
-1.5309553773442075
-1.8630955377344207
-1.8630955377344207
2.8197786192977246
2.8197786192977246
-1.899701796193678
-1.899701796193678
3.3423859162021174
3.3423859162021174
10.624085963545877
5.543202474292617
5.543202474292617
5.543202474292617
5.543202474292617
5.543202474292617
5.543202474292617
21.159969657278545
22.15244903150437
22.15244903150437
22.15244903150437
22.15244903150437
16.684241194020284
28.04598552637834
25.915238842265953
25.702164173854715
18.296916014151165
18.296916014151165
18.296916014151165
13.827571450935631
13.827571450935631
13.827571450935631
16.285052294570505
16.285052294570505
15.85329499277605
10.86781933877467
10.86781933877467
17.09497895820683
18.022949286432535
18.022949286432535
18.022949286432535
18.022949286432535
18.022949286432535
18.022949286432535
18.022949286432535
14.491642611632594
14.491642611632594
14.491642611632594
14.491642611632594
14.491642611632594
28.463527225676117
17.15082729308505
17.15082729308505
20.428921637925853
24.577514063248604
21.79124746345878
50.55163108290685
56.526395189208856
51.29388856902656
56.93369850271512
37.14795680216569
37.14795680216569
35.70202418006053
26.764276095778257
43.52654870315207
43.52654870315207
43.52654870315207
43.06850925989801
29.46549447815834
39.088044383900154
39.088044383900154
48.47744001328261
33.56325205441699
33.26795379342779
30.55225226473165
29.610315868767856
29.610315868767856
27.849525145571356
27.849525145571356
27.849525145571356
27.938405400620287
30.57061221078629
27.562996749188
27.562996749188
26.522744269101185
29.526814476510545
25.810506403972454
32.230351321144504
27.458987110406696
24.087678270470093
20.718296909803257
15.383440687042379
15.383440687042379
15.383440687042379
15.871963021743321
15.920815255213416
50.18291268163843
36.655685456854535
28.63557312682124
28.63557312682124
18.88667843150983
18.88667843150983
18.88667843150983
18.88667843150983
31.65429413706502
29.72111793904059
20.187607302821508
20.187607302821508
20.187607302821508
20.187607302821508
24.267007291659706
21.606511781567406
13.381603273858891
17.92422495565917
15.411044709649847
16.15486214471942
10.82771901575811
10.82771901575811
10.82771901575811
11.346680369417673
13.585274513873186
12.177638142593793
11.797124056032064
10.869643523652726
8.495893820203719
8.495893820203719
8.495893820203719
24.361999814266568
17.02961344480462
11.942924725328627
10.86524942930522
7.924190442200562
7.470079384693779
7.470079384693779
7.470079384693779
4.6651769234990965
6.961635570132199
6.961635570132199
1.433328776081357
1.433328776081357
1.433328776081357
1.433328776081357
6.008767152203241
5.877668664083999
5.877668664083999
5.877668664083999
5.877668664083999
5.877668664083999
5.877668664083999
5.877668664083999
5.877668664083999
5.877668664083999
5.877668664083999
9.772743598716628
9.772743598716628
11.39235622989371
11.39235622989371
16.698751814291956
17.22939137273178
14.735282642113635
10.522959567885529
12.62114420420427
11.291204577173318
7.225338292759991
9.85820849586619
9.225336636015788
9.225336636015788
4.752000572303734
4.752000572303734
4.752000572303734
9.7191387574082
8.120885989574939
6.185628323514054
6.185628323514054
6.330111824337381
5.6861588668404535
5.089586347862556
6.243790004162774
2.1093246599450906
2.1093246599450906
46.44539393155566
29.853431641820933
29.853431641820933
29.853431641820933
29.853431641820933
29.853431641820933
29.853431641820933
29.853431641820933
29.853431641820933
29.853431641820933
29.853431641820933
29.853431641820933
29.853431641820933
29.853431641820933
29.853431641820933
29.853431641820933
29.853431641820933
45.594499738822655
37.746898310443875
37.746898310443875
50.99498717428531
50.33382821374529
33.46115165365035
35.13876093371335
30.297052999151468
30.297052999151468
29.347632236669508
25.719948045983394
25.719948045983394
25.719948045983394
24.897180870113154
20.43461737566868
20.43461737566868
18.324397882946343
18.324397882946343
18.324397882946343
15.775202073481173
15.775202073481173
12.843443960176002
12.843443960176002
16.019860493460744
15.437071395125658
10.271827772557302
10.271827772557302
13.855889265775145
11.310510850412317
11.452238604927695
11.452238604927695
11.931733088165453
12.91747691769364
8.3919379505556
8.3919379505556
8.3919379505556
5.393036696717507
5.393036696717507
5.393036696717507
7.346272799742189
4.9536797537375925
4.9536797537375925
4.9536797537375925
9.950175530360172
11.520960179360133
10.626249002952218
10.766390679653895
5.744286200767666
8.013180799584866
6.694521685655626
5.185663322262325
7.463861511662983
4.55416321754754
5.371857315134634
3.557694977298177
3.557694977298177
3.557694977298177
3.557694977298177
3.557694977298177
3.557694977298177
3.557694977298177
3.497708914711879
3.808645421015966
4.325145868112706
0.1404073701887849
2.866121393954611
2.866121393954611
1.6165899052325556
-1.5483410094767442
-1.5483410094767442
-1.5483410094767442
-1.1379147864935322
-1.1379147864935322
2.0577290815628624
27.68618201989859
14.400814360191765
14.400814360191765
14.400814360191765
37.1057423005458
37.1057423005458
25.364267388129296
9.539674067234815
9.539674067234815
9.539674067234815
9.539674067234815
9.539674067234815
41.83919834591056
26.175413869261384
23.186364848302958
23.186364848302958
23.186364848302958
23.186364848302958
23.186364848302958
25.83568640981026
15.943994620966135
15.390951362539063
15.390951362539063
15.390951362539063
15.390951362539063
15.390951362539063
13.423853717490218
17.713721354655686
12.342791824807984
12.342791824807984
11.27688011442311
10.950004786696862
10.536430856495468
10.41150604869673
8.254265489313136
8.254265489313136
5.699906401255054
5.699906401255054
3.0816000347007724
4.950555857539106
30.489339204445578
9.394635678991303
9.394635678991303
17.009376071432744
15.818293797434606
15.818293797434606
19.89439995637924
14.752779484106135
29.783753734416113
18.146389635515934
18.146389635515934
18.146389635515934
18.146389635515934
23.37349062679088
23.37349062679088
25.39409906417279
25.72483902023671
25.72483902023671
18.502724435366698
19.30396678433081
25.178726498074656
19.364996133526
18.6368875502517
10.449906605946236
10.449906605946236
10.449906605946236
10.449906605946236
13.6457777013673
24.034462276243676
10.408442854935135
10.408442854935135
10.408442854935135
16.9936480468239
18.823457846250157
18.823457846250157
10.669391748546655
10.669391748546655
13.791558849452311
35.46077455644311
64.53408239667522
45.79819370573401
45.95018955451587
42.59581559542807
36.47761436322352
34.0907455037359
29.928937127018724
29.928937127018724
25.82461477000258
25.82461477000258
25.82461477000258
25.82461477000258
23.516640418993582
21.54036452833074
21.54036452833074
13.464835839591197
13.464835839591197
18.66447502967089
18.99169243019682
41.50886381045619
34.160875860644225
34.29809923289985
30.740882944273828
28.07672587569574
20.797214922898938
18.025465579838034
22.786209257301
20.53822157830007
16.310569184107354
16.310569184107354
12.82343639153557
12.82343639153557
12.82343639153557
12.82343639153557
26.965780006587497
21.440526971572645
22.707836672241406
37.83985344674433
35.18025650178825
26.775089922192112
20.269933734084482
20.269933734084482
27.051364144913407
27.051364144913407
27.051364144913407
34.97594893946445
34.97594893946445
34.97594893946445
20.6887463817086
19.791890773994623
23.70425792072888
28.139530681242668
14.469186096850743
14.469186096850743
14.469186096850743
10.912342126820384
10.912342126820384
10.912342126820384
10.912342126820384
10.912342126820384
10.912342126820384
10.912342126820384
11.751000309215996
17.424851100790377
18.586300935912753
18.586300935912753
12.098740200042664
12.462485041526625
10.159250052211762
10.159250052211762
12.797511208891503
9.180190733808429
15.224052040484437
25.12752637929977
25.12752637929977
32.933877322767806
31.688198982909757
48.13076550238576
51.014844737743225
54.65516335301078
60.60767640483755
32.35013651668836
48.860536360120044
43.359988182054266
41.27802399525065
40.34666862317399
40.34666862317399
40.34666862317399
66.32169576657098
66.13237391451092
72.355567948591
72.355567948591
58.204792690385815
49.79151479677802
49.79151479677802
49.79151479677802
39.58802235972484
39.58802235972484
39.58802235972484
44.32142477692727
45.42690219627866
43.130711258042396
43.130711258042396
42.118379493176846
42.118379493176846
40.5325177853901
37.79097636624333
58.34253270779607
38.53733695013157
39.19129154504364
39.19129154504364
40.792560178539894
40.792560178539894
37.93205407024829
37.93205407024829
37.93205407024829
35.809809829620484
27.201421753844183
27.201421753844183
27.201421753844183
27.201421753844183
27.201421753844183
27.201421753844183
33.04929160998665
26.642434485977894
32.0691029909394
25.133508890169892
19.45150407192829
19.45150407192829
19.45150407192829
19.45150407192829
19.45150407192829
19.45150407192829
20.096246260203515
20.096246260203515
26.53211000807918
18.355208950659552
18.355208950659552
18.355208950659552
18.355208950659552
18.355208950659552
44.87404227085833
43.54916764914266
43.54916764914266
50.23606844972301
42.12460585815007
27.79829760420091
27.79829760420091
27.79829760420091
42.72108753417684
42.72108753417684
31.682329402436032
22.661821138832835
22.661821138832835
22.661821138832835
22.661821138832835
24.54288180499183
24.54288180499183
23.768329234172448
19.5021905554298
46.43774414722004
46.44016858948753
46.44016858948753
46.44016858948753
46.44016858948753
46.60113556031683
36.07408668759328
33.649037149667855
34.267528402969916
34.267528402969916
30.28818777527761
30.28818777527761
29.64075321351009
33.78265623107056
33.78265623107056
28.637413770673728
27.07824954266057
27.07824954266057
25.456323025340012
25.456323025340012
20.966624326759383
16.078848269908114
16.078848269908114
16.078848269908114
16.078848269908114
16.078848269908114
16.078848269908114
16.078848269908114
16.078848269908114
16.078848269908114
16.078848269908114
16.078848269908114
16.078848269908114
16.078848269908114
16.078848269908114
29.9039659979139
22.4903704706825
22.4903704706825
22.4903704706825
22.4903704706825
22.4903704706825
22.4903704706825
22.4903704706825
43.71591665909445
43.71591665909445
56.6738803758919
42.17207262639645
37.85307947098336
37.85307947098336
55.74073562166157
35.564501773122345
35.564501773122345
35.564501773122345
35.564501773122345
35.564501773122345
35.564501773122345
35.564501773122345
44.228652920861016
52.77867575457306
46.071830265112695
34.694298384624204
48.55410152777512
45.35578870765867
31.98651921185681
31.98651921185681
31.98651921185681
31.98651921185681
31.98651921185681
55.64365023597662
46.20700475780866
36.00919743772913
53.47112267979343
53.47112267979343
48.74689467870823
57.55095588163169
55.75419478083073
40.882605214779886
31.982788651469086
31.982788651469086
43.47216757695584
40.18645548544171
23.996489433645877
23.996489433645877
23.996489433645877
23.996489433645877
63.428910875938016
47.07329184878685
33.74287454278487
33.04927631873871
39.14215308593646
39.14215308593646
32.27427727827935
30.99519248888946
30.99519248888946
26.70166038078109
26.70166038078109
22.79287965367645
29.655184323040658
31.809003699450216
26.197385082472614
24.94350626360107
31.8469488357926
37.35973760844653
37.35973760844653
27.91658649636872
27.91658649636872
30.950860057483766
30.173234253052108
19.505826020770197
25.390018951480457
25.499135092228798
25.499135092228798
21.834096219249417
22.70279811285238
20.148930154682134
20.148930154682134
15.496771316561745
16.150862957327277
15.76902350498319
15.76902350498319
15.76902350498319
22.31444834603499
16.526509051143393
16.526509051143393
16.974525254917335
39.67052638995854
32.46084701618045
28.87606424331827
24.99743829766899
23.73648024092771
22.110661624275572
22.09859897479991
22.09859897479991
18.75383800942832
18.75383800942832
18.76142229092844
16.75445031919604
16.75445031919604
16.75445031919604
16.75445031919604
43.380450985686494
44.73994155871655
33.652889156526015
31.31313715120891
31.31313715120891
29.12929810965688
18.88989585726543
18.88989585726543
18.88989585726543
18.88989585726543
13.471876259467804
